-524287 0 
-524287 0 
-458751 -65536 
-524287 0 
-425983 -98304 
-524287 0 
-393215 -131072 
-524287 0 
-360448 -163840 
-524287 0 
-327680 -196608 
-524287 0 
-294912 -229376 
-524287 0 
-262144 -262144 
-524287 0 
-229376 -294912 
-524287 0 
-196608 -327680 
-524287 0 
-163840 -360448 
-524287 0 
-131072 -393215 
-524287 0 
-98304 -425983 
-524287 0 
-65536 -458751 
-524287 0 
-32768 -491519 
-524287 0 
0 -524287 
-524287 0 
-458752 0 
-524287 0 
-425984 -32768 
-524287 0 
-393216 -65536 
-524287 0 
-360448 -98304 
-524287 0 
-327680 -131072 
-524287 0 
-294912 -163840 
-524287 0 
-262144 -196608 
-524287 0 
-229376 -229376 
-524287 0 
-196608 -262144 
-524287 0 
-163840 -294912 
-524287 0 
-131072 -327680 
-524287 0 
-98304 -360448 
-524287 0 
-65536 -393216 
-524287 0 
-32768 -425984 
-524287 0 
0 -458752 
-524287 0 
32767 -491519 
-524287 0 
-425984 32768 
-524287 0 
-393216 0 
-524287 0 
-360448 -32768 
-524287 0 
-327680 -65536 
-524287 0 
-294912 -98304 
-524287 0 
-262144 -131072 
-524287 0 
-229376 -163840 
-524287 0 
-196608 -196608 
-524287 0 
-163840 -229376 
-524287 0 
-131072 -262144 
-524287 0 
-98304 -294912 
-524287 0 
-65536 -327680 
-524287 0 
-32768 -360448 
-524287 0 
0 -393216 
-524287 0 
32768 -425984 
-524287 0 
65535 -458751 
-524287 0 
-393216 65536 
-524287 0 
-360448 32768 
-524287 0 
-327680 0 
-524287 0 
-294912 -32768 
-524287 0 
-262144 -65536 
-524287 0 
-229376 -98304 
-524287 0 
-196608 -131072 
-524287 0 
-163840 -163840 
-524287 0 
-131072 -196608 
-524287 0 
-98304 -229376 
-524287 0 
-65536 -262144 
-524287 0 
-32768 -294912 
-524287 0 
0 -327680 
-524287 0 
32768 -360448 
-524287 0 
65536 -393216 
-524287 0 
98303 -425983 
-524287 0 
-360448 98304 
-524287 0 
-327680 65536 
-524287 0 
-294912 32768 
-524287 0 
-262144 0 
-524287 0 
-229376 -32768 
-524287 0 
-196608 -65536 
-524287 0 
-163840 -98304 
-524287 0 
-131072 -131072 
-524287 0 
-98304 -163840 
-524287 0 
-65536 -196608 
-524287 0 
-32768 -229376 
-524287 0 
0 -262144 
-524287 0 
32768 -294912 
-524287 0 
65536 -327680 
-524287 0 
98304 -360448 
-524287 0 
131071 -393215 
-524287 0 
-327680 131072 
-524287 0 
-294912 98304 
-524287 0 
-262144 65536 
-524287 0 
-229376 32768 
-524287 0 
-196608 0 
-524287 0 
-163840 -32768 
-524287 0 
-131072 -65536 
-524287 0 
-98304 -98304 
-524287 0 
-65536 -131072 
-524287 0 
-32768 -163840 
-524287 0 
0 -196608 
-524287 0 
32768 -229376 
-524287 0 
65536 -262144 
-524287 0 
98304 -294912 
-524287 0 
131072 -327680 
-524287 0 
163839 -360447 
-524287 0 
-294912 163840 
-524287 0 
-262144 131072 
-524287 0 
-229376 98304 
-524287 0 
-196608 65536 
-524287 0 
-163840 32768 
-524287 0 
-131072 0 
-524287 0 
-98304 -32768 
-524287 0 
-65536 -65536 
-524287 0 
-32768 -98304 
-524287 0 
0 -131072 
-524287 0 
32768 -163840 
-524287 0 
65536 -196608 
-524287 0 
98304 -229376 
-524287 0 
131072 -262144 
-524287 0 
163840 -294912 
-524287 0 
196607 -327679 
-524287 0 
-262144 196608 
-524287 0 
-229376 163840 
-524287 0 
-196608 131072 
-524287 0 
-163840 98304 
-524287 0 
-131072 65536 
-524287 0 
-98304 32768 
-524287 0 
-65536 0 
-524287 0 
-32768 -32768 
-524287 0 
0 -65536 
-524287 0 
32768 -98304 
-524287 0 
65536 -131072 
-524287 0 
98304 -163840 
-524287 0 
131072 -196608 
-524287 0 
163840 -229376 
-524287 0 
196608 -262144 
-524287 0 
229375 -294911 
-524287 0 
-229376 229376 
-524287 0 
-196608 196608 
-524287 0 
-163840 163840 
-524287 0 
-131072 131072 
-524287 0 
-98304 98304 
-524287 0 
-65536 65536 
-524287 0 
-32768 32768 
-524287 0 
0 0 
-524287 0 
32768 -32768 
-524287 0 
65536 -65536 
-524287 0 
98304 -98304 
-524287 0 
131072 -131072 
-524287 0 
163840 -163840 
-524287 0 
196608 -196608 
-524287 0 
229376 -229376 
-524287 0 
262143 -262143 
-524287 0 
-196608 262144 
-524287 0 
-163840 229376 
-524287 0 
-131072 196608 
-524287 0 
-98304 163840 
-524287 0 
-65536 131072 
-524287 0 
-32768 98304 
-524287 0 
0 65536 
-524287 0 
32768 32768 
-524287 0 
65536 0 
-524287 0 
98304 -32768 
-524287 0 
131072 -65536 
-524287 0 
163840 -98304 
-524287 0 
196608 -131072 
-524287 0 
229376 -163840 
-524287 0 
262144 -196608 
-524287 0 
294911 -229375 
-524287 0 
-163840 294912 
-524287 0 
-131072 262144 
-524287 0 
-98304 229376 
-524287 0 
-65536 196608 
-524287 0 
-32768 163840 
-524287 0 
0 131072 
-524287 0 
32768 98304 
-524287 0 
65536 65536 
-524287 0 
98304 32768 
-524287 0 
131072 0 
-524287 0 
163840 -32768 
-524287 0 
196608 -65536 
-524287 0 
229376 -98304 
-524287 0 
262144 -131072 
-524287 0 
294912 -163840 
-524287 0 
327679 -196607 
-524287 0 
-131072 327680 
-524287 0 
-98304 294912 
-524287 0 
-65536 262144 
-524287 0 
-32768 229376 
-524287 0 
0 196608 
-524287 0 
32768 163840 
-524287 0 
65536 131072 
-524287 0 
98304 98304 
-524287 0 
131072 65536 
-524287 0 
163840 32768 
-524287 0 
196608 0 
-524287 0 
229376 -32768 
-524287 0 
262144 -65536 
-524287 0 
294912 -98304 
-524287 0 
327680 -131072 
-524287 0 
360447 -163839 
-524287 0 
-98304 360448 
-524287 0 
-65536 327680 
-524287 0 
-32768 294912 
-524287 0 
0 262144 
-524287 0 
32768 229376 
-524287 0 
65536 196608 
-524287 0 
98304 163840 
-524287 0 
131072 131072 
-524287 0 
163840 98304 
-524287 0 
196608 65536 
-524287 0 
229376 32768 
-524287 0 
262144 0 
-524287 0 
294912 -32768 
-524287 0 
327680 -65536 
-524287 0 
360448 -98304 
-524287 0 
393215 -131071 
-524287 0 
-65536 393216 
-524287 0 
-32768 360448 
-524287 0 
0 327680 
-524287 0 
32768 294912 
-524287 0 
65536 262144 
-524287 0 
98304 229376 
-524287 0 
131072 196608 
-524287 0 
163840 163840 
-524287 0 
196608 131072 
-524287 0 
229376 98304 
-524287 0 
262144 65536 
-524287 0 
294912 32768 
-524287 0 
327680 0 
-524287 0 
360448 -32768 
-524287 0 
393216 -65536 
-524287 0 
425983 -98303 
-524287 0 
-32768 425984 
-524287 0 
0 393216 
-524287 0 
32768 360448 
-524287 0 
65536 327680 
-524287 0 
98304 294912 
-524287 0 
131072 262144 
-524287 0 
163840 229376 
-524287 0 
196608 196608 
-524287 0 
229376 163840 
-524287 0 
262144 131072 
-524287 0 
294912 98304 
-524287 0 
327680 65536 
-524287 0 
360448 32768 
-524287 0 
393216 0 
-524287 0 
425984 -32768 
-524287 0 
458751 -65535 
-524287 0 
0 458752 
-524287 0 
32768 425984 
-524287 0 
65536 393216 
-524287 0 
98304 360448 
-524287 0 
131072 327680 
-524287 0 
163840 294912 
-524287 0 
196608 262144 
-524287 0 
229376 229376 
-524287 0 
262144 196608 
-524287 0 
294912 163840 
-524287 0 
327680 131072 
-524287 0 
360448 98304 
-524287 0 
393216 65536 
-524287 0 
425984 32768 
-524287 0 
458752 0 
-524287 0 
491519 -32767 
-524287 0 
-524287 0 
-458751 -65536 
-458751 -65536 
-458751 -65536 
-425983 -98304 
-458751 -65536 
-393215 -131072 
-458751 -65536 
-360448 -163840 
-458751 -65536 
-327680 -196608 
-458751 -65536 
-294912 -229376 
-458751 -65536 
-262144 -262144 
-458751 -65536 
-229376 -294912 
-458751 -65536 
-196608 -327680 
-458751 -65536 
-163840 -360448 
-458751 -65536 
-131072 -393215 
-458751 -65536 
-98304 -425983 
-458751 -65536 
-65536 -458751 
-458751 -65536 
-32768 -491519 
-458751 -65536 
0 -524287 
-458751 -65536 
-458752 0 
-458751 -65536 
-425984 -32768 
-458751 -65536 
-393216 -65536 
-458751 -65536 
-360448 -98304 
-458751 -65536 
-327680 -131072 
-458751 -65536 
-294912 -163840 
-458751 -65536 
-262144 -196608 
-458751 -65536 
-229376 -229376 
-458751 -65536 
-196608 -262144 
-458751 -65536 
-163840 -294912 
-458751 -65536 
-131072 -327680 
-458751 -65536 
-98304 -360448 
-458751 -65536 
-65536 -393216 
-458751 -65536 
-32768 -425984 
-458751 -65536 
0 -458752 
-458751 -65536 
32767 -491519 
-458751 -65536 
-425984 32768 
-458751 -65536 
-393216 0 
-458751 -65536 
-360448 -32768 
-458751 -65536 
-327680 -65536 
-458751 -65536 
-294912 -98304 
-458751 -65536 
-262144 -131072 
-458751 -65536 
-229376 -163840 
-458751 -65536 
-196608 -196608 
-458751 -65536 
-163840 -229376 
-458751 -65536 
-131072 -262144 
-458751 -65536 
-98304 -294912 
-458751 -65536 
-65536 -327680 
-458751 -65536 
-32768 -360448 
-458751 -65536 
0 -393216 
-458751 -65536 
32768 -425984 
-458751 -65536 
65535 -458751 
-458751 -65536 
-393216 65536 
-458751 -65536 
-360448 32768 
-458751 -65536 
-327680 0 
-458751 -65536 
-294912 -32768 
-458751 -65536 
-262144 -65536 
-458751 -65536 
-229376 -98304 
-458751 -65536 
-196608 -131072 
-458751 -65536 
-163840 -163840 
-458751 -65536 
-131072 -196608 
-458751 -65536 
-98304 -229376 
-458751 -65536 
-65536 -262144 
-458751 -65536 
-32768 -294912 
-458751 -65536 
0 -327680 
-458751 -65536 
32768 -360448 
-458751 -65536 
65536 -393216 
-458751 -65536 
98303 -425983 
-458751 -65536 
-360448 98304 
-458751 -65536 
-327680 65536 
-458751 -65536 
-294912 32768 
-458751 -65536 
-262144 0 
-458751 -65536 
-229376 -32768 
-458751 -65536 
-196608 -65536 
-458751 -65536 
-163840 -98304 
-458751 -65536 
-131072 -131072 
-458751 -65536 
-98304 -163840 
-458751 -65536 
-65536 -196608 
-458751 -65536 
-32768 -229376 
-458751 -65536 
0 -262144 
-458751 -65536 
32768 -294912 
-458751 -65536 
65536 -327680 
-458751 -65536 
98304 -360448 
-458751 -65536 
131071 -393215 
-458751 -65536 
-327680 131072 
-458751 -65536 
-294912 98304 
-458751 -65536 
-262144 65536 
-458751 -65536 
-229376 32768 
-458751 -65536 
-196608 0 
-458751 -65536 
-163840 -32768 
-458751 -65536 
-131072 -65536 
-458751 -65536 
-98304 -98304 
-458751 -65536 
-65536 -131072 
-458751 -65536 
-32768 -163840 
-458751 -65536 
0 -196608 
-458751 -65536 
32768 -229376 
-458751 -65536 
65536 -262144 
-458751 -65536 
98304 -294912 
-458751 -65536 
131072 -327680 
-458751 -65536 
163839 -360447 
-458751 -65536 
-294912 163840 
-458751 -65536 
-262144 131072 
-458751 -65536 
-229376 98304 
-458751 -65536 
-196608 65536 
-458751 -65536 
-163840 32768 
-458751 -65536 
-131072 0 
-458751 -65536 
-98304 -32768 
-458751 -65536 
-65536 -65536 
-458751 -65536 
-32768 -98304 
-458751 -65536 
0 -131072 
-458751 -65536 
32768 -163840 
-458751 -65536 
65536 -196608 
-458751 -65536 
98304 -229376 
-458751 -65536 
131072 -262144 
-458751 -65536 
163840 -294912 
-458751 -65536 
196607 -327679 
-458751 -65536 
-262144 196608 
-458751 -65536 
-229376 163840 
-458751 -65536 
-196608 131072 
-458751 -65536 
-163840 98304 
-458751 -65536 
-131072 65536 
-458751 -65536 
-98304 32768 
-458751 -65536 
-65536 0 
-458751 -65536 
-32768 -32768 
-458751 -65536 
0 -65536 
-458751 -65536 
32768 -98304 
-458751 -65536 
65536 -131072 
-458751 -65536 
98304 -163840 
-458751 -65536 
131072 -196608 
-458751 -65536 
163840 -229376 
-458751 -65536 
196608 -262144 
-458751 -65536 
229375 -294911 
-458751 -65536 
-229376 229376 
-458751 -65536 
-196608 196608 
-458751 -65536 
-163840 163840 
-458751 -65536 
-131072 131072 
-458751 -65536 
-98304 98304 
-458751 -65536 
-65536 65536 
-458751 -65536 
-32768 32768 
-458751 -65536 
0 0 
-458751 -65536 
32768 -32768 
-458751 -65536 
65536 -65536 
-458751 -65536 
98304 -98304 
-458751 -65536 
131072 -131072 
-458751 -65536 
163840 -163840 
-458751 -65536 
196608 -196608 
-458751 -65536 
229376 -229376 
-458751 -65536 
262143 -262143 
-458751 -65536 
-196608 262144 
-458751 -65536 
-163840 229376 
-458751 -65536 
-131072 196608 
-458751 -65536 
-98304 163840 
-458751 -65536 
-65536 131072 
-458751 -65536 
-32768 98304 
-458751 -65536 
0 65536 
-458751 -65536 
32768 32768 
-458751 -65536 
65536 0 
-458751 -65536 
98304 -32768 
-458751 -65536 
131072 -65536 
-458751 -65536 
163840 -98304 
-458751 -65536 
196608 -131072 
-458751 -65536 
229376 -163840 
-458751 -65536 
262144 -196608 
-458751 -65536 
294911 -229375 
-458751 -65536 
-163840 294912 
-458751 -65536 
-131072 262144 
-458751 -65536 
-98304 229376 
-458751 -65536 
-65536 196608 
-458751 -65536 
-32768 163840 
-458751 -65536 
0 131072 
-458751 -65536 
32768 98304 
-458751 -65536 
65536 65536 
-458751 -65536 
98304 32768 
-458751 -65536 
131072 0 
-458751 -65536 
163840 -32768 
-458751 -65536 
196608 -65536 
-458751 -65536 
229376 -98304 
-458751 -65536 
262144 -131072 
-458751 -65536 
294912 -163840 
-458751 -65536 
327679 -196607 
-458751 -65536 
-131072 327680 
-458751 -65536 
-98304 294912 
-458751 -65536 
-65536 262144 
-458751 -65536 
-32768 229376 
-458751 -65536 
0 196608 
-458751 -65536 
32768 163840 
-458751 -65536 
65536 131072 
-458751 -65536 
98304 98304 
-458751 -65536 
131072 65536 
-458751 -65536 
163840 32768 
-458751 -65536 
196608 0 
-458751 -65536 
229376 -32768 
-458751 -65536 
262144 -65536 
-458751 -65536 
294912 -98304 
-458751 -65536 
327680 -131072 
-458751 -65536 
360447 -163839 
-458751 -65536 
-98304 360448 
-458751 -65536 
-65536 327680 
-458751 -65536 
-32768 294912 
-458751 -65536 
0 262144 
-458751 -65536 
32768 229376 
-458751 -65536 
65536 196608 
-458751 -65536 
98304 163840 
-458751 -65536 
131072 131072 
-458751 -65536 
163840 98304 
-458751 -65536 
196608 65536 
-458751 -65536 
229376 32768 
-458751 -65536 
262144 0 
-458751 -65536 
294912 -32768 
-458751 -65536 
327680 -65536 
-458751 -65536 
360448 -98304 
-458751 -65536 
393215 -131071 
-458751 -65536 
-65536 393216 
-458751 -65536 
-32768 360448 
-458751 -65536 
0 327680 
-458751 -65536 
32768 294912 
-458751 -65536 
65536 262144 
-458751 -65536 
98304 229376 
-458751 -65536 
131072 196608 
-458751 -65536 
163840 163840 
-458751 -65536 
196608 131072 
-458751 -65536 
229376 98304 
-458751 -65536 
262144 65536 
-458751 -65536 
294912 32768 
-458751 -65536 
327680 0 
-458751 -65536 
360448 -32768 
-458751 -65536 
393216 -65536 
-458751 -65536 
425983 -98303 
-458751 -65536 
-32768 425984 
-458751 -65536 
0 393216 
-458751 -65536 
32768 360448 
-458751 -65536 
65536 327680 
-458751 -65536 
98304 294912 
-458751 -65536 
131072 262144 
-458751 -65536 
163840 229376 
-458751 -65536 
196608 196608 
-458751 -65536 
229376 163840 
-458751 -65536 
262144 131072 
-458751 -65536 
294912 98304 
-458751 -65536 
327680 65536 
-458751 -65536 
360448 32768 
-458751 -65536 
393216 0 
-458751 -65536 
425984 -32768 
-458751 -65536 
458751 -65535 
-458751 -65536 
0 458752 
-458751 -65536 
32768 425984 
-458751 -65536 
65536 393216 
-458751 -65536 
98304 360448 
-458751 -65536 
131072 327680 
-458751 -65536 
163840 294912 
-458751 -65536 
196608 262144 
-458751 -65536 
229376 229376 
-458751 -65536 
262144 196608 
-458751 -65536 
294912 163840 
-458751 -65536 
327680 131072 
-458751 -65536 
360448 98304 
-458751 -65536 
393216 65536 
-458751 -65536 
425984 32768 
-458751 -65536 
458752 0 
-458751 -65536 
491519 -32767 
-458751 -65536 
-524287 0 
-425983 -98304 
-458751 -65536 
-425983 -98304 
-425983 -98304 
-425983 -98304 
-393215 -131072 
-425983 -98304 
-360448 -163840 
-425983 -98304 
-327680 -196608 
-425983 -98304 
-294912 -229376 
-425983 -98304 
-262144 -262144 
-425983 -98304 
-229376 -294912 
-425983 -98304 
-196608 -327680 
-425983 -98304 
-163840 -360448 
-425983 -98304 
-131072 -393215 
-425983 -98304 
-98304 -425983 
-425983 -98304 
-65536 -458751 
-425983 -98304 
-32768 -491519 
-425983 -98304 
0 -524287 
-425983 -98304 
-458752 0 
-425983 -98304 
-425984 -32768 
-425983 -98304 
-393216 -65536 
-425983 -98304 
-360448 -98304 
-425983 -98304 
-327680 -131072 
-425983 -98304 
-294912 -163840 
-425983 -98304 
-262144 -196608 
-425983 -98304 
-229376 -229376 
-425983 -98304 
-196608 -262144 
-425983 -98304 
-163840 -294912 
-425983 -98304 
-131072 -327680 
-425983 -98304 
-98304 -360448 
-425983 -98304 
-65536 -393216 
-425983 -98304 
-32768 -425984 
-425983 -98304 
0 -458752 
-425983 -98304 
32767 -491519 
-425983 -98304 
-425984 32768 
-425983 -98304 
-393216 0 
-425983 -98304 
-360448 -32768 
-425983 -98304 
-327680 -65536 
-425983 -98304 
-294912 -98304 
-425983 -98304 
-262144 -131072 
-425983 -98304 
-229376 -163840 
-425983 -98304 
-196608 -196608 
-425983 -98304 
-163840 -229376 
-425983 -98304 
-131072 -262144 
-425983 -98304 
-98304 -294912 
-425983 -98304 
-65536 -327680 
-425983 -98304 
-32768 -360448 
-425983 -98304 
0 -393216 
-425983 -98304 
32768 -425984 
-425983 -98304 
65535 -458751 
-425983 -98304 
-393216 65536 
-425983 -98304 
-360448 32768 
-425983 -98304 
-327680 0 
-425983 -98304 
-294912 -32768 
-425983 -98304 
-262144 -65536 
-425983 -98304 
-229376 -98304 
-425983 -98304 
-196608 -131072 
-425983 -98304 
-163840 -163840 
-425983 -98304 
-131072 -196608 
-425983 -98304 
-98304 -229376 
-425983 -98304 
-65536 -262144 
-425983 -98304 
-32768 -294912 
-425983 -98304 
0 -327680 
-425983 -98304 
32768 -360448 
-425983 -98304 
65536 -393216 
-425983 -98304 
98303 -425983 
-425983 -98304 
-360448 98304 
-425983 -98304 
-327680 65536 
-425983 -98304 
-294912 32768 
-425983 -98304 
-262144 0 
-425983 -98304 
-229376 -32768 
-425983 -98304 
-196608 -65536 
-425983 -98304 
-163840 -98304 
-425983 -98304 
-131072 -131072 
-425983 -98304 
-98304 -163840 
-425983 -98304 
-65536 -196608 
-425983 -98304 
-32768 -229376 
-425983 -98304 
0 -262144 
-425983 -98304 
32768 -294912 
-425983 -98304 
65536 -327680 
-425983 -98304 
98304 -360448 
-425983 -98304 
131071 -393215 
-425983 -98304 
-327680 131072 
-425983 -98304 
-294912 98304 
-425983 -98304 
-262144 65536 
-425983 -98304 
-229376 32768 
-425983 -98304 
-196608 0 
-425983 -98304 
-163840 -32768 
-425983 -98304 
-131072 -65536 
-425983 -98304 
-98304 -98304 
-425983 -98304 
-65536 -131072 
-425983 -98304 
-32768 -163840 
-425983 -98304 
0 -196608 
-425983 -98304 
32768 -229376 
-425983 -98304 
65536 -262144 
-425983 -98304 
98304 -294912 
-425983 -98304 
131072 -327680 
-425983 -98304 
163839 -360447 
-425983 -98304 
-294912 163840 
-425983 -98304 
-262144 131072 
-425983 -98304 
-229376 98304 
-425983 -98304 
-196608 65536 
-425983 -98304 
-163840 32768 
-425983 -98304 
-131072 0 
-425983 -98304 
-98304 -32768 
-425983 -98304 
-65536 -65536 
-425983 -98304 
-32768 -98304 
-425983 -98304 
0 -131072 
-425983 -98304 
32768 -163840 
-425983 -98304 
65536 -196608 
-425983 -98304 
98304 -229376 
-425983 -98304 
131072 -262144 
-425983 -98304 
163840 -294912 
-425983 -98304 
196607 -327679 
-425983 -98304 
-262144 196608 
-425983 -98304 
-229376 163840 
-425983 -98304 
-196608 131072 
-425983 -98304 
-163840 98304 
-425983 -98304 
-131072 65536 
-425983 -98304 
-98304 32768 
-425983 -98304 
-65536 0 
-425983 -98304 
-32768 -32768 
-425983 -98304 
0 -65536 
-425983 -98304 
32768 -98304 
-425983 -98304 
65536 -131072 
-425983 -98304 
98304 -163840 
-425983 -98304 
131072 -196608 
-425983 -98304 
163840 -229376 
-425983 -98304 
196608 -262144 
-425983 -98304 
229375 -294911 
-425983 -98304 
-229376 229376 
-425983 -98304 
-196608 196608 
-425983 -98304 
-163840 163840 
-425983 -98304 
-131072 131072 
-425983 -98304 
-98304 98304 
-425983 -98304 
-65536 65536 
-425983 -98304 
-32768 32768 
-425983 -98304 
0 0 
-425983 -98304 
32768 -32768 
-425983 -98304 
65536 -65536 
-425983 -98304 
98304 -98304 
-425983 -98304 
131072 -131072 
-425983 -98304 
163840 -163840 
-425983 -98304 
196608 -196608 
-425983 -98304 
229376 -229376 
-425983 -98304 
262143 -262143 
-425983 -98304 
-196608 262144 
-425983 -98304 
-163840 229376 
-425983 -98304 
-131072 196608 
-425983 -98304 
-98304 163840 
-425983 -98304 
-65536 131072 
-425983 -98304 
-32768 98304 
-425983 -98304 
0 65536 
-425983 -98304 
32768 32768 
-425983 -98304 
65536 0 
-425983 -98304 
98304 -32768 
-425983 -98304 
131072 -65536 
-425983 -98304 
163840 -98304 
-425983 -98304 
196608 -131072 
-425983 -98304 
229376 -163840 
-425983 -98304 
262144 -196608 
-425983 -98304 
294911 -229375 
-425983 -98304 
-163840 294912 
-425983 -98304 
-131072 262144 
-425983 -98304 
-98304 229376 
-425983 -98304 
-65536 196608 
-425983 -98304 
-32768 163840 
-425983 -98304 
0 131072 
-425983 -98304 
32768 98304 
-425983 -98304 
65536 65536 
-425983 -98304 
98304 32768 
-425983 -98304 
131072 0 
-425983 -98304 
163840 -32768 
-425983 -98304 
196608 -65536 
-425983 -98304 
229376 -98304 
-425983 -98304 
262144 -131072 
-425983 -98304 
294912 -163840 
-425983 -98304 
327679 -196607 
-425983 -98304 
-131072 327680 
-425983 -98304 
-98304 294912 
-425983 -98304 
-65536 262144 
-425983 -98304 
-32768 229376 
-425983 -98304 
0 196608 
-425983 -98304 
32768 163840 
-425983 -98304 
65536 131072 
-425983 -98304 
98304 98304 
-425983 -98304 
131072 65536 
-425983 -98304 
163840 32768 
-425983 -98304 
196608 0 
-425983 -98304 
229376 -32768 
-425983 -98304 
262144 -65536 
-425983 -98304 
294912 -98304 
-425983 -98304 
327680 -131072 
-425983 -98304 
360447 -163839 
-425983 -98304 
-98304 360448 
-425983 -98304 
-65536 327680 
-425983 -98304 
-32768 294912 
-425983 -98304 
0 262144 
-425983 -98304 
32768 229376 
-425983 -98304 
65536 196608 
-425983 -98304 
98304 163840 
-425983 -98304 
131072 131072 
-425983 -98304 
163840 98304 
-425983 -98304 
196608 65536 
-425983 -98304 
229376 32768 
-425983 -98304 
262144 0 
-425983 -98304 
294912 -32768 
-425983 -98304 
327680 -65536 
-425983 -98304 
360448 -98304 
-425983 -98304 
393215 -131071 
-425983 -98304 
-65536 393216 
-425983 -98304 
-32768 360448 
-425983 -98304 
0 327680 
-425983 -98304 
32768 294912 
-425983 -98304 
65536 262144 
-425983 -98304 
98304 229376 
-425983 -98304 
131072 196608 
-425983 -98304 
163840 163840 
-425983 -98304 
196608 131072 
-425983 -98304 
229376 98304 
-425983 -98304 
262144 65536 
-425983 -98304 
294912 32768 
-425983 -98304 
327680 0 
-425983 -98304 
360448 -32768 
-425983 -98304 
393216 -65536 
-425983 -98304 
425983 -98303 
-425983 -98304 
-32768 425984 
-425983 -98304 
0 393216 
-425983 -98304 
32768 360448 
-425983 -98304 
65536 327680 
-425983 -98304 
98304 294912 
-425983 -98304 
131072 262144 
-425983 -98304 
163840 229376 
-425983 -98304 
196608 196608 
-425983 -98304 
229376 163840 
-425983 -98304 
262144 131072 
-425983 -98304 
294912 98304 
-425983 -98304 
327680 65536 
-425983 -98304 
360448 32768 
-425983 -98304 
393216 0 
-425983 -98304 
425984 -32768 
-425983 -98304 
458751 -65535 
-425983 -98304 
0 458752 
-425983 -98304 
32768 425984 
-425983 -98304 
65536 393216 
-425983 -98304 
98304 360448 
-425983 -98304 
131072 327680 
-425983 -98304 
163840 294912 
-425983 -98304 
196608 262144 
-425983 -98304 
229376 229376 
-425983 -98304 
262144 196608 
-425983 -98304 
294912 163840 
-425983 -98304 
327680 131072 
-425983 -98304 
360448 98304 
-425983 -98304 
393216 65536 
-425983 -98304 
425984 32768 
-425983 -98304 
458752 0 
-425983 -98304 
491519 -32767 
-425983 -98304 
-524287 0 
-393215 -131072 
-458751 -65536 
-393215 -131072 
-425983 -98304 
-393215 -131072 
-393215 -131072 
-393215 -131072 
-360448 -163840 
-393215 -131072 
-327680 -196608 
-393215 -131072 
-294912 -229376 
-393215 -131072 
-262144 -262144 
-393215 -131072 
-229376 -294912 
-393215 -131072 
-196608 -327680 
-393215 -131072 
-163840 -360448 
-393215 -131072 
-131072 -393215 
-393215 -131072 
-98304 -425983 
-393215 -131072 
-65536 -458751 
-393215 -131072 
-32768 -491519 
-393215 -131072 
0 -524287 
-393215 -131072 
-458752 0 
-393215 -131072 
-425984 -32768 
-393215 -131072 
-393216 -65536 
-393215 -131072 
-360448 -98304 
-393215 -131072 
-327680 -131072 
-393215 -131072 
-294912 -163840 
-393215 -131072 
-262144 -196608 
-393215 -131072 
-229376 -229376 
-393215 -131072 
-196608 -262144 
-393215 -131072 
-163840 -294912 
-393215 -131072 
-131072 -327680 
-393215 -131072 
-98304 -360448 
-393215 -131072 
-65536 -393216 
-393215 -131072 
-32768 -425984 
-393215 -131072 
0 -458752 
-393215 -131072 
32767 -491519 
-393215 -131072 
-425984 32768 
-393215 -131072 
-393216 0 
-393215 -131072 
-360448 -32768 
-393215 -131072 
-327680 -65536 
-393215 -131072 
-294912 -98304 
-393215 -131072 
-262144 -131072 
-393215 -131072 
-229376 -163840 
-393215 -131072 
-196608 -196608 
-393215 -131072 
-163840 -229376 
-393215 -131072 
-131072 -262144 
-393215 -131072 
-98304 -294912 
-393215 -131072 
-65536 -327680 
-393215 -131072 
-32768 -360448 
-393215 -131072 
0 -393216 
-393215 -131072 
32768 -425984 
-393215 -131072 
65535 -458751 
-393215 -131072 
-393216 65536 
-393215 -131072 
-360448 32768 
-393215 -131072 
-327680 0 
-393215 -131072 
-294912 -32768 
-393215 -131072 
-262144 -65536 
-393215 -131072 
-229376 -98304 
-393215 -131072 
-196608 -131072 
-393215 -131072 
-163840 -163840 
-393215 -131072 
-131072 -196608 
-393215 -131072 
-98304 -229376 
-393215 -131072 
-65536 -262144 
-393215 -131072 
-32768 -294912 
-393215 -131072 
0 -327680 
-393215 -131072 
32768 -360448 
-393215 -131072 
65536 -393216 
-393215 -131072 
98303 -425983 
-393215 -131072 
-360448 98304 
-393215 -131072 
-327680 65536 
-393215 -131072 
-294912 32768 
-393215 -131072 
-262144 0 
-393215 -131072 
-229376 -32768 
-393215 -131072 
-196608 -65536 
-393215 -131072 
-163840 -98304 
-393215 -131072 
-131072 -131072 
-393215 -131072 
-98304 -163840 
-393215 -131072 
-65536 -196608 
-393215 -131072 
-32768 -229376 
-393215 -131072 
0 -262144 
-393215 -131072 
32768 -294912 
-393215 -131072 
65536 -327680 
-393215 -131072 
98304 -360448 
-393215 -131072 
131071 -393215 
-393215 -131072 
-327680 131072 
-393215 -131072 
-294912 98304 
-393215 -131072 
-262144 65536 
-393215 -131072 
-229376 32768 
-393215 -131072 
-196608 0 
-393215 -131072 
-163840 -32768 
-393215 -131072 
-131072 -65536 
-393215 -131072 
-98304 -98304 
-393215 -131072 
-65536 -131072 
-393215 -131072 
-32768 -163840 
-393215 -131072 
0 -196608 
-393215 -131072 
32768 -229376 
-393215 -131072 
65536 -262144 
-393215 -131072 
98304 -294912 
-393215 -131072 
131072 -327680 
-393215 -131072 
163839 -360447 
-393215 -131072 
-294912 163840 
-393215 -131072 
-262144 131072 
-393215 -131072 
-229376 98304 
-393215 -131072 
-196608 65536 
-393215 -131072 
-163840 32768 
-393215 -131072 
-131072 0 
-393215 -131072 
-98304 -32768 
-393215 -131072 
-65536 -65536 
-393215 -131072 
-32768 -98304 
-393215 -131072 
0 -131072 
-393215 -131072 
32768 -163840 
-393215 -131072 
65536 -196608 
-393215 -131072 
98304 -229376 
-393215 -131072 
131072 -262144 
-393215 -131072 
163840 -294912 
-393215 -131072 
196607 -327679 
-393215 -131072 
-262144 196608 
-393215 -131072 
-229376 163840 
-393215 -131072 
-196608 131072 
-393215 -131072 
-163840 98304 
-393215 -131072 
-131072 65536 
-393215 -131072 
-98304 32768 
-393215 -131072 
-65536 0 
-393215 -131072 
-32768 -32768 
-393215 -131072 
0 -65536 
-393215 -131072 
32768 -98304 
-393215 -131072 
65536 -131072 
-393215 -131072 
98304 -163840 
-393215 -131072 
131072 -196608 
-393215 -131072 
163840 -229376 
-393215 -131072 
196608 -262144 
-393215 -131072 
229375 -294911 
-393215 -131072 
-229376 229376 
-393215 -131072 
-196608 196608 
-393215 -131072 
-163840 163840 
-393215 -131072 
-131072 131072 
-393215 -131072 
-98304 98304 
-393215 -131072 
-65536 65536 
-393215 -131072 
-32768 32768 
-393215 -131072 
0 0 
-393215 -131072 
32768 -32768 
-393215 -131072 
65536 -65536 
-393215 -131072 
98304 -98304 
-393215 -131072 
131072 -131072 
-393215 -131072 
163840 -163840 
-393215 -131072 
196608 -196608 
-393215 -131072 
229376 -229376 
-393215 -131072 
262143 -262143 
-393215 -131072 
-196608 262144 
-393215 -131072 
-163840 229376 
-393215 -131072 
-131072 196608 
-393215 -131072 
-98304 163840 
-393215 -131072 
-65536 131072 
-393215 -131072 
-32768 98304 
-393215 -131072 
0 65536 
-393215 -131072 
32768 32768 
-393215 -131072 
65536 0 
-393215 -131072 
98304 -32768 
-393215 -131072 
131072 -65536 
-393215 -131072 
163840 -98304 
-393215 -131072 
196608 -131072 
-393215 -131072 
229376 -163840 
-393215 -131072 
262144 -196608 
-393215 -131072 
294911 -229375 
-393215 -131072 
-163840 294912 
-393215 -131072 
-131072 262144 
-393215 -131072 
-98304 229376 
-393215 -131072 
-65536 196608 
-393215 -131072 
-32768 163840 
-393215 -131072 
0 131072 
-393215 -131072 
32768 98304 
-393215 -131072 
65536 65536 
-393215 -131072 
98304 32768 
-393215 -131072 
131072 0 
-393215 -131072 
163840 -32768 
-393215 -131072 
196608 -65536 
-393215 -131072 
229376 -98304 
-393215 -131072 
262144 -131072 
-393215 -131072 
294912 -163840 
-393215 -131072 
327679 -196607 
-393215 -131072 
-131072 327680 
-393215 -131072 
-98304 294912 
-393215 -131072 
-65536 262144 
-393215 -131072 
-32768 229376 
-393215 -131072 
0 196608 
-393215 -131072 
32768 163840 
-393215 -131072 
65536 131072 
-393215 -131072 
98304 98304 
-393215 -131072 
131072 65536 
-393215 -131072 
163840 32768 
-393215 -131072 
196608 0 
-393215 -131072 
229376 -32768 
-393215 -131072 
262144 -65536 
-393215 -131072 
294912 -98304 
-393215 -131072 
327680 -131072 
-393215 -131072 
360447 -163839 
-393215 -131072 
-98304 360448 
-393215 -131072 
-65536 327680 
-393215 -131072 
-32768 294912 
-393215 -131072 
0 262144 
-393215 -131072 
32768 229376 
-393215 -131072 
65536 196608 
-393215 -131072 
98304 163840 
-393215 -131072 
131072 131072 
-393215 -131072 
163840 98304 
-393215 -131072 
196608 65536 
-393215 -131072 
229376 32768 
-393215 -131072 
262144 0 
-393215 -131072 
294912 -32768 
-393215 -131072 
327680 -65536 
-393215 -131072 
360448 -98304 
-393215 -131072 
393215 -131071 
-393215 -131072 
-65536 393216 
-393215 -131072 
-32768 360448 
-393215 -131072 
0 327680 
-393215 -131072 
32768 294912 
-393215 -131072 
65536 262144 
-393215 -131072 
98304 229376 
-393215 -131072 
131072 196608 
-393215 -131072 
163840 163840 
-393215 -131072 
196608 131072 
-393215 -131072 
229376 98304 
-393215 -131072 
262144 65536 
-393215 -131072 
294912 32768 
-393215 -131072 
327680 0 
-393215 -131072 
360448 -32768 
-393215 -131072 
393216 -65536 
-393215 -131072 
425983 -98303 
-393215 -131072 
-32768 425984 
-393215 -131072 
0 393216 
-393215 -131072 
32768 360448 
-393215 -131072 
65536 327680 
-393215 -131072 
98304 294912 
-393215 -131072 
131072 262144 
-393215 -131072 
163840 229376 
-393215 -131072 
196608 196608 
-393215 -131072 
229376 163840 
-393215 -131072 
262144 131072 
-393215 -131072 
294912 98304 
-393215 -131072 
327680 65536 
-393215 -131072 
360448 32768 
-393215 -131072 
393216 0 
-393215 -131072 
425984 -32768 
-393215 -131072 
458751 -65535 
-393215 -131072 
0 458752 
-393215 -131072 
32768 425984 
-393215 -131072 
65536 393216 
-393215 -131072 
98304 360448 
-393215 -131072 
131072 327680 
-393215 -131072 
163840 294912 
-393215 -131072 
196608 262144 
-393215 -131072 
229376 229376 
-393215 -131072 
262144 196608 
-393215 -131072 
294912 163840 
-393215 -131072 
327680 131072 
-393215 -131072 
360448 98304 
-393215 -131072 
393216 65536 
-393215 -131072 
425984 32768 
-393215 -131072 
458752 0 
-393215 -131072 
491519 -32767 
-393215 -131072 
-524287 0 
-360448 -163840 
-458751 -65536 
-360448 -163840 
-425983 -98304 
-360448 -163840 
-393215 -131072 
-360448 -163840 
-360448 -163840 
-360448 -163840 
-327680 -196608 
-360448 -163840 
-294912 -229376 
-360448 -163840 
-262144 -262144 
-360448 -163840 
-229376 -294912 
-360448 -163840 
-196608 -327680 
-360448 -163840 
-163840 -360448 
-360448 -163840 
-131072 -393215 
-360448 -163840 
-98304 -425983 
-360448 -163840 
-65536 -458751 
-360448 -163840 
-32768 -491519 
-360448 -163840 
0 -524287 
-360448 -163840 
-458752 0 
-360448 -163840 
-425984 -32768 
-360448 -163840 
-393216 -65536 
-360448 -163840 
-360448 -98304 
-360448 -163840 
-327680 -131072 
-360448 -163840 
-294912 -163840 
-360448 -163840 
-262144 -196608 
-360448 -163840 
-229376 -229376 
-360448 -163840 
-196608 -262144 
-360448 -163840 
-163840 -294912 
-360448 -163840 
-131072 -327680 
-360448 -163840 
-98304 -360448 
-360448 -163840 
-65536 -393216 
-360448 -163840 
-32768 -425984 
-360448 -163840 
0 -458752 
-360448 -163840 
32767 -491519 
-360448 -163840 
-425984 32768 
-360448 -163840 
-393216 0 
-360448 -163840 
-360448 -32768 
-360448 -163840 
-327680 -65536 
-360448 -163840 
-294912 -98304 
-360448 -163840 
-262144 -131072 
-360448 -163840 
-229376 -163840 
-360448 -163840 
-196608 -196608 
-360448 -163840 
-163840 -229376 
-360448 -163840 
-131072 -262144 
-360448 -163840 
-98304 -294912 
-360448 -163840 
-65536 -327680 
-360448 -163840 
-32768 -360448 
-360448 -163840 
0 -393216 
-360448 -163840 
32768 -425984 
-360448 -163840 
65535 -458751 
-360448 -163840 
-393216 65536 
-360448 -163840 
-360448 32768 
-360448 -163840 
-327680 0 
-360448 -163840 
-294912 -32768 
-360448 -163840 
-262144 -65536 
-360448 -163840 
-229376 -98304 
-360448 -163840 
-196608 -131072 
-360448 -163840 
-163840 -163840 
-360448 -163840 
-131072 -196608 
-360448 -163840 
-98304 -229376 
-360448 -163840 
-65536 -262144 
-360448 -163840 
-32768 -294912 
-360448 -163840 
0 -327680 
-360448 -163840 
32768 -360448 
-360448 -163840 
65536 -393216 
-360448 -163840 
98303 -425983 
-360448 -163840 
-360448 98304 
-360448 -163840 
-327680 65536 
-360448 -163840 
-294912 32768 
-360448 -163840 
-262144 0 
-360448 -163840 
-229376 -32768 
-360448 -163840 
-196608 -65536 
-360448 -163840 
-163840 -98304 
-360448 -163840 
-131072 -131072 
-360448 -163840 
-98304 -163840 
-360448 -163840 
-65536 -196608 
-360448 -163840 
-32768 -229376 
-360448 -163840 
0 -262144 
-360448 -163840 
32768 -294912 
-360448 -163840 
65536 -327680 
-360448 -163840 
98304 -360448 
-360448 -163840 
131071 -393215 
-360448 -163840 
-327680 131072 
-360448 -163840 
-294912 98304 
-360448 -163840 
-262144 65536 
-360448 -163840 
-229376 32768 
-360448 -163840 
-196608 0 
-360448 -163840 
-163840 -32768 
-360448 -163840 
-131072 -65536 
-360448 -163840 
-98304 -98304 
-360448 -163840 
-65536 -131072 
-360448 -163840 
-32768 -163840 
-360448 -163840 
0 -196608 
-360448 -163840 
32768 -229376 
-360448 -163840 
65536 -262144 
-360448 -163840 
98304 -294912 
-360448 -163840 
131072 -327680 
-360448 -163840 
163839 -360447 
-360448 -163840 
-294912 163840 
-360448 -163840 
-262144 131072 
-360448 -163840 
-229376 98304 
-360448 -163840 
-196608 65536 
-360448 -163840 
-163840 32768 
-360448 -163840 
-131072 0 
-360448 -163840 
-98304 -32768 
-360448 -163840 
-65536 -65536 
-360448 -163840 
-32768 -98304 
-360448 -163840 
0 -131072 
-360448 -163840 
32768 -163840 
-360448 -163840 
65536 -196608 
-360448 -163840 
98304 -229376 
-360448 -163840 
131072 -262144 
-360448 -163840 
163840 -294912 
-360448 -163840 
196607 -327679 
-360448 -163840 
-262144 196608 
-360448 -163840 
-229376 163840 
-360448 -163840 
-196608 131072 
-360448 -163840 
-163840 98304 
-360448 -163840 
-131072 65536 
-360448 -163840 
-98304 32768 
-360448 -163840 
-65536 0 
-360448 -163840 
-32768 -32768 
-360448 -163840 
0 -65536 
-360448 -163840 
32768 -98304 
-360448 -163840 
65536 -131072 
-360448 -163840 
98304 -163840 
-360448 -163840 
131072 -196608 
-360448 -163840 
163840 -229376 
-360448 -163840 
196608 -262144 
-360448 -163840 
229375 -294911 
-360448 -163840 
-229376 229376 
-360448 -163840 
-196608 196608 
-360448 -163840 
-163840 163840 
-360448 -163840 
-131072 131072 
-360448 -163840 
-98304 98304 
-360448 -163840 
-65536 65536 
-360448 -163840 
-32768 32768 
-360448 -163840 
0 0 
-360448 -163840 
32768 -32768 
-360448 -163840 
65536 -65536 
-360448 -163840 
98304 -98304 
-360448 -163840 
131072 -131072 
-360448 -163840 
163840 -163840 
-360448 -163840 
196608 -196608 
-360448 -163840 
229376 -229376 
-360448 -163840 
262143 -262143 
-360448 -163840 
-196608 262144 
-360448 -163840 
-163840 229376 
-360448 -163840 
-131072 196608 
-360448 -163840 
-98304 163840 
-360448 -163840 
-65536 131072 
-360448 -163840 
-32768 98304 
-360448 -163840 
0 65536 
-360448 -163840 
32768 32768 
-360448 -163840 
65536 0 
-360448 -163840 
98304 -32768 
-360448 -163840 
131072 -65536 
-360448 -163840 
163840 -98304 
-360448 -163840 
196608 -131072 
-360448 -163840 
229376 -163840 
-360448 -163840 
262144 -196608 
-360448 -163840 
294911 -229375 
-360448 -163840 
-163840 294912 
-360448 -163840 
-131072 262144 
-360448 -163840 
-98304 229376 
-360448 -163840 
-65536 196608 
-360448 -163840 
-32768 163840 
-360448 -163840 
0 131072 
-360448 -163840 
32768 98304 
-360448 -163840 
65536 65536 
-360448 -163840 
98304 32768 
-360448 -163840 
131072 0 
-360448 -163840 
163840 -32768 
-360448 -163840 
196608 -65536 
-360448 -163840 
229376 -98304 
-360448 -163840 
262144 -131072 
-360448 -163840 
294912 -163840 
-360448 -163840 
327679 -196607 
-360448 -163840 
-131072 327680 
-360448 -163840 
-98304 294912 
-360448 -163840 
-65536 262144 
-360448 -163840 
-32768 229376 
-360448 -163840 
0 196608 
-360448 -163840 
32768 163840 
-360448 -163840 
65536 131072 
-360448 -163840 
98304 98304 
-360448 -163840 
131072 65536 
-360448 -163840 
163840 32768 
-360448 -163840 
196608 0 
-360448 -163840 
229376 -32768 
-360448 -163840 
262144 -65536 
-360448 -163840 
294912 -98304 
-360448 -163840 
327680 -131072 
-360448 -163840 
360447 -163839 
-360448 -163840 
-98304 360448 
-360448 -163840 
-65536 327680 
-360448 -163840 
-32768 294912 
-360448 -163840 
0 262144 
-360448 -163840 
32768 229376 
-360448 -163840 
65536 196608 
-360448 -163840 
98304 163840 
-360448 -163840 
131072 131072 
-360448 -163840 
163840 98304 
-360448 -163840 
196608 65536 
-360448 -163840 
229376 32768 
-360448 -163840 
262144 0 
-360448 -163840 
294912 -32768 
-360448 -163840 
327680 -65536 
-360448 -163840 
360448 -98304 
-360448 -163840 
393215 -131071 
-360448 -163840 
-65536 393216 
-360448 -163840 
-32768 360448 
-360448 -163840 
0 327680 
-360448 -163840 
32768 294912 
-360448 -163840 
65536 262144 
-360448 -163840 
98304 229376 
-360448 -163840 
131072 196608 
-360448 -163840 
163840 163840 
-360448 -163840 
196608 131072 
-360448 -163840 
229376 98304 
-360448 -163840 
262144 65536 
-360448 -163840 
294912 32768 
-360448 -163840 
327680 0 
-360448 -163840 
360448 -32768 
-360448 -163840 
393216 -65536 
