10000000000000000001 10000000000000000001 
10000000000000000001 10100000000000000000 
10000000000000000001 10110000000000000000 
10000000000000000001 11000000000000000000 
10000000000000000001 11010000000000000000 
10000000000000000001 11100000000000000000 
10000000000000000001 11110000000000000000 
10000000000000000001 00000000000000000000 
10000000000000000001 00010000000000000000 
10000000000000000001 00100000000000000000 
10000000000000000001 00110000000000000000 
10000000000000000001 01000000000000000000 
10000000000000000001 01010000000000000000 
10000000000000000001 01100000000000000000 
10000000000000000001 01110000000000000000 
10000000000000000001 01111111111111111111 
10010000000000000000 10010000000000000000 
10010000000000000000 10100000000000000000 
10010000000000000000 10110000000000000000 
10010000000000000000 11000000000000000000 
10010000000000000000 11010000000000000000 
10010000000000000000 11100000000000000000 
10010000000000000000 11110000000000000000 
10010000000000000000 00000000000000000000 
10010000000000000000 00010000000000000000 
10010000000000000000 00100000000000000000 
10010000000000000000 00110000000000000000 
10010000000000000000 01000000000000000000 
10010000000000000000 01010000000000000000 
10010000000000000000 01100000000000000000 
10010000000000000000 01110000000000000000 
10010000000000000000 01111111111111111111 
10100000000000000000 10010000000000000000 
10100000000000000000 10100000000000000000 
10100000000000000000 10110000000000000000 
10100000000000000000 11000000000000000000 
10100000000000000000 11010000000000000000 
10100000000000000000 11100000000000000000 
10100000000000000000 11110000000000000000 
10100000000000000000 00000000000000000000 
10100000000000000000 00010000000000000000 
10100000000000000000 00100000000000000000 
10100000000000000000 00110000000000000000 
10100000000000000000 01000000000000000000 
10100000000000000000 01010000000000000000 
10100000000000000000 01100000000000000000 
10100000000000000000 01110000000000000000 
10100000000000000000 01111111111111111111 
10110000000000000000 10010000000000000000 
10110000000000000000 10100000000000000000 
10110000000000000000 10110000000000000000 
10110000000000000000 11000000000000000000 
10110000000000000000 11010000000000000000 
10110000000000000000 11100000000000000000 
10110000000000000000 11110000000000000000 
10110000000000000000 00000000000000000000 
10110000000000000000 00010000000000000000 
10110000000000000000 00100000000000000000 
10110000000000000000 00110000000000000000 
10110000000000000000 01000000000000000000 
10110000000000000000 01010000000000000000 
10110000000000000000 01100000000000000000 
10110000000000000000 01110000000000000000 
10110000000000000000 01111111111111111111 
11000000000000000000 10010000000000000000 
11000000000000000000 10100000000000000000 
11000000000000000000 10110000000000000000 
11000000000000000000 11000000000000000000 
11000000000000000000 11010000000000000000 
11000000000000000000 11100000000000000000 
11000000000000000000 11110000000000000000 
11000000000000000000 00000000000000000000 
11000000000000000000 00010000000000000000 
11000000000000000000 00100000000000000000 
11000000000000000000 00110000000000000000 
11000000000000000000 01000000000000000000 
11000000000000000000 01010000000000000000 
11000000000000000000 01100000000000000000 
11000000000000000000 01110000000000000000 
11000000000000000000 01111111111111111111 
11010000000000000000 10010000000000000000 
11010000000000000000 10100000000000000000 
11010000000000000000 10110000000000000000 
11010000000000000000 11000000000000000000 
11010000000000000000 11010000000000000000 
11010000000000000000 11100000000000000000 
11010000000000000000 11110000000000000000 
11010000000000000000 00000000000000000000 
11010000000000000000 00010000000000000000 
11010000000000000000 00100000000000000000 
11010000000000000000 00110000000000000000 
11010000000000000000 01000000000000000000 
11010000000000000000 01010000000000000000 
11010000000000000000 01100000000000000000 
11010000000000000000 01110000000000000000 
11010000000000000000 01111111111111111111 
11100000000000000000 10010000000000000000 
11100000000000000000 10100000000000000000 
11100000000000000000 10110000000000000000 
11100000000000000000 11000000000000000000 
11100000000000000000 11010000000000000000 
11100000000000000000 11100000000000000000 
11100000000000000000 11110000000000000000 
11100000000000000000 00000000000000000000 
11100000000000000000 00010000000000000000 
11100000000000000000 00100000000000000000 
11100000000000000000 00110000000000000000 
11100000000000000000 01000000000000000000 
11100000000000000000 01010000000000000000 
11100000000000000000 01100000000000000000 
11100000000000000000 01110000000000000000 
11100000000000000000 01111111111111111111 
11110000000000000000 10010000000000000000 
11110000000000000000 10100000000000000000 
11110000000000000000 10110000000000000000 
11110000000000000000 11000000000000000000 
11110000000000000000 11010000000000000000 
11110000000000000000 11100000000000000000 
11110000000000000000 11110000000000000000 
11110000000000000000 00000000000000000000 
11110000000000000000 00010000000000000000 
11110000000000000000 00100000000000000000 
11110000000000000000 00110000000000000000 
11110000000000000000 01000000000000000000 
11110000000000000000 01010000000000000000 
11110000000000000000 01100000000000000000 
11110000000000000000 01110000000000000000 
11110000000000000000 01111111111111111111 
00000000000000000000 10010000000000000000 
00000000000000000000 10100000000000000000 
00000000000000000000 10110000000000000000 
00000000000000000000 11000000000000000000 
00000000000000000000 11010000000000000000 
00000000000000000000 11100000000000000000 
00000000000000000000 11110000000000000000 
00000000000000000000 00000000000000000000 
00000000000000000000 00010000000000000000 
00000000000000000000 00100000000000000000 
00000000000000000000 00110000000000000000 
00000000000000000000 01000000000000000000 
00000000000000000000 01010000000000000000 
00000000000000000000 01100000000000000000 
00000000000000000000 01110000000000000000 
00000000000000000000 01111111111111111111 
00010000000000000000 10010000000000000000 
00010000000000000000 10100000000000000000 
00010000000000000000 10110000000000000000 
00010000000000000000 11000000000000000000 
00010000000000000000 11010000000000000000 
00010000000000000000 11100000000000000000 
00010000000000000000 11110000000000000000 
00010000000000000000 00000000000000000000 
00010000000000000000 00010000000000000000 
00010000000000000000 00100000000000000000 
00010000000000000000 00110000000000000000 
00010000000000000000 01000000000000000000 
00010000000000000000 01010000000000000000 
00010000000000000000 01100000000000000000 
00010000000000000000 01110000000000000000 
00010000000000000000 01111111111111111111 
00100000000000000000 10010000000000000000 
00100000000000000000 10100000000000000000 
00100000000000000000 10110000000000000000 
00100000000000000000 11000000000000000000 
00100000000000000000 11010000000000000000 
00100000000000000000 11100000000000000000 
00100000000000000000 11110000000000000000 
00100000000000000000 00000000000000000000 
00100000000000000000 00010000000000000000 
00100000000000000000 00100000000000000000 
00100000000000000000 00110000000000000000 
00100000000000000000 01000000000000000000 
00100000000000000000 01010000000000000000 
00100000000000000000 01100000000000000000 
00100000000000000000 01110000000000000000 
00100000000000000000 01111111111111111111 
00110000000000000000 10010000000000000000 
00110000000000000000 10100000000000000000 
00110000000000000000 10110000000000000000 
00110000000000000000 11000000000000000000 
00110000000000000000 11010000000000000000 
00110000000000000000 11100000000000000000 
00110000000000000000 11110000000000000000 
00110000000000000000 00000000000000000000 
00110000000000000000 00010000000000000000 
00110000000000000000 00100000000000000000 
00110000000000000000 00110000000000000000 
00110000000000000000 01000000000000000000 
00110000000000000000 01010000000000000000 
00110000000000000000 01100000000000000000 
00110000000000000000 01110000000000000000 
00110000000000000000 01111111111111111111 
01000000000000000000 10010000000000000000 
01000000000000000000 10100000000000000000 
01000000000000000000 10110000000000000000 
01000000000000000000 11000000000000000000 
01000000000000000000 11010000000000000000 
01000000000000000000 11100000000000000000 
01000000000000000000 11110000000000000000 
01000000000000000000 00000000000000000000 
01000000000000000000 00010000000000000000 
01000000000000000000 00100000000000000000 
01000000000000000000 00110000000000000000 
01000000000000000000 01000000000000000000 
01000000000000000000 01010000000000000000 
01000000000000000000 01100000000000000000 
01000000000000000000 01110000000000000000 
01000000000000000000 01111111111111111111 
01010000000000000000 10010000000000000000 
01010000000000000000 10100000000000000000 
01010000000000000000 10110000000000000000 
01010000000000000000 11000000000000000000 
01010000000000000000 11010000000000000000 
01010000000000000000 11100000000000000000 
01010000000000000000 11110000000000000000 
01010000000000000000 00000000000000000000 
01010000000000000000 00010000000000000000 
01010000000000000000 00100000000000000000 
01010000000000000000 00110000000000000000 
01010000000000000000 01000000000000000000 
01010000000000000000 01010000000000000000 
01010000000000000000 01100000000000000000 
01010000000000000000 01110000000000000000 
01010000000000000000 01111111111111111111 
01100000000000000000 10010000000000000000 
01100000000000000000 10100000000000000000 
01100000000000000000 10110000000000000000 
01100000000000000000 11000000000000000000 
01100000000000000000 11010000000000000000 
01100000000000000000 11100000000000000000 
01100000000000000000 11110000000000000000 
01100000000000000000 00000000000000000000 
01100000000000000000 00010000000000000000 
01100000000000000000 00100000000000000000 
01100000000000000000 00110000000000000000 
01100000000000000000 01000000000000000000 
01100000000000000000 01010000000000000000 
01100000000000000000 01100000000000000000 
01100000000000000000 01110000000000000000 
01100000000000000000 01111111111111111111 
01110000000000000000 10010000000000000000 
01110000000000000000 10100000000000000000 
01110000000000000000 10110000000000000000 
01110000000000000000 11000000000000000000 
01110000000000000000 11010000000000000000 
01110000000000000000 11100000000000000000 
01110000000000000000 11110000000000000000 
01110000000000000000 00000000000000000000 
01110000000000000000 00010000000000000000 
01110000000000000000 00100000000000000000 
01110000000000000000 00110000000000000000 
01110000000000000000 01000000000000000000 
01110000000000000000 01010000000000000000 
01110000000000000000 01100000000000000000 
01110000000000000000 01110000000000000000 
01110000000000000000 01111111111111111111 
