47082 30788 40440 -27468 -24080 -7854 -26380 1396 -27010 1394 -26380 -7856 -24080 -27468 40440 30788 
0 -4996 39044 -29106 -24374 -4394 27418 1488 0 -1488 -27420 4394 24374 29106 -39046 4996 
-61888 15534 -55586 -492 -23016 51016 34198 -36808 -38804 -36808 34198 51016 -23016 -492 -55586 15534 
0 62880 -17282 23048 47082 -3320 14330 -13552 0 13550 -14330 3318 -47082 -23050 17282 -62880 
-12896 -27696 -23046 -12272 -35778 -6832 -32976 23568 42610 23568 -32976 -6832 -35778 -12272 -23046 -27696 
0 7592 11340 41060 4274 -5800 -33200 22522 0 -22524 33200 5798 -4276 -41062 -11340 -7592 
20968 -8198 -20918 -16268 -19404 1162 28596 39856 -22544 39856 28596 1162 -19404 -16268 -20918 -8198 
0 7900 5128 -6774 -12256 -27220 36696 1106 0 -1108 -36698 27220 12256 6774 -5130 -7900 
-34428 -11170 10612 -34754 25052 22226 -20196 -70954 -50956 -70954 -20196 22226 25052 -34754 10612 -11170 
0 -34300 55502 -3276 25694 -13818 18074 48644 0 -48644 -18076 13816 -25694 3276 -55504 34300 
-45476 -42004 31602 -32138 -2424 -5660 -28568 -4626 -30926 -4626 -28568 -5660 -2424 -32138 31602 -42004 
0 57844 24274 11472 24680 7372 -18162 4682 0 -4682 18160 -7372 -24680 -11472 -24276 -57844 
6042 608 12736 -35280 -18982 56996 48946 12540 17694 12540 48946 56996 -18982 -35280 12738 608 
0 7608 -9622 -28068 4640 -992 29312 -22048 0 22046 -29314 992 -4640 28068 9620 -7610 
-40524 27466 800 -13948 -22158 65428 26228 -13660 -10790 -13658 26228 65428 -22158 -13948 800 27466 
0 29036 -6828 13308 -12346 -21886 21740 -45842 0 45842 -21740 21886 12346 -13308 6828 -29036 
7744 -29804 -54176 21544 -9212 -12426 25924 -6504 25976 -6504 25924 -12424 -9212 21546 -54176 -29804 
0 24356 25018 -11508 1028 16912 -22602 -17186 0 17184 22602 -16912 -1028 11506 -25018 -24356 
-30624 -29788 -31036 24054 4678 -33660 620 45278 41736 45278 620 -33660 4678 24054 -31036 -29788 
0 614 -20082 14822 -22126 7712 -13374 23934 0 -23934 13374 -7712 22126 -14824 20082 -614 
30616 -3572 10128 -17668 -38060 390 336 -78612 12250 -78612 336 390 -38060 -17668 10128 -3572 
0 14602 23012 -840 4054 -1116 19924 -4860 0 4860 -19924 1116 -4056 838 -23012 -14602 
24778 3052 2592 5726 48502 -5660 3876 -46006 -68878 -46006 3876 -5660 48502 5726 2592 3052 
0 23772 -3872 19654 -42148 39146 15810 13952 0 -13952 -15810 -39148 42148 -19656 3872 -23772 
65412 1044 -36438 21264 -15840 3208 42088 20044 -14224 20044 42088 3208 -15840 21264 -36438 1044 
0 15430 6600 -53962 -5656 37158 -8840 -17834 0 17834 8840 -37158 5656 53962 -6600 -15430 
8526 -11300 -4418 13016 6130 -28206 10972 -9954 -52024 -9954 10972 -28206 6130 13016 -4418 -11300 
0 38552 -39708 236 -25568 2644 34694 14988 0 -14988 -34696 -2646 25568 -238 39708 -38552 
31090 -19536 49282 14428 -14136 -16072 12496 -41028 -66700 -41026 12496 -16072 -14136 14428 49282 -19534 
0 -14476 -19870 -29276 23000 -5532 18094 20372 0 -20372 -18096 5530 -23000 29274 19868 14476 
-66012 724 32278 9354 -280 33708 -37504 -7752 -6588 -7752 -37504 33708 -280 9356 32278 724 
0 -5680 7790 13398 -12470 -30120 -8 19958 0 -19960 8 30120 12470 -13398 -7792 5676 
71348 -13816 6172 -16754 49276 31562 -6806 11608 45024 11608 -6806 31562 49276 -16754 6172 -13816 
0 7432 23472 7636 50226 -16024 -26798 -19784 0 19784 26798 16024 -50226 -7636 -23472 -7432 
51974 4330 20786 -14980 -29668 21642 778 57012 15092 57012 778 21642 -29668 -14978 20786 4332 
0 51042 14082 -7198 10684 -9944 -15344 55764 0 -55764 15344 9944 -10684 7198 -14082 -51044 
-50906 -2990 -320 -24970 17020 -37838 13584 -18162 -26892 -18162 13584 -37838 17020 -24970 -320 -2990 
0 -38560 -41194 -47674 35850 -16452 540 -5558 0 5556 -540 16452 -35852 47672 41194 38558 
110908 -17898 18150 -3398 -10176 3144 18126 3710 1268 3710 18126 3144 -10176 -3396 18150 -17898 
0 -62498 -3512 -17180 -1424 -2808 7736 3414 0 -3414 -7738 2808 1422 17180 3512 62498 
39498 9116 -44104 5902 48280 13228 -1924 5292 -58660 5292 -1924 13228 48280 5902 -44104 9116 
0 6412 -7946 9546 20740 20518 978 27304 0 -27306 -978 -20518 -20740 -9546 7946 -6414 
-8028 -5320 -140 -20168 13676 6776 31768 -2450 38116 -2450 31768 6776 13676 -20168 -140 -5320 
0 -49972 -37464 17588 52060 -25450 22192 21364 0 -21366 -22194 25448 -52060 -17590 37462 49972 
-17224 24564 -3390 -22180 55924 -10398 19880 -11884 26080 -11884 19880 -10396 55924 -22180 -3390 24566 
0 -12376 3884 -37532 -41380 -19024 -8088 -16340 0 16340 8086 19026 41378 37532 -3886 12374 
-71730 22228 41282 -6216 1756 -7240 -31454 8106 -47954 8106 -31454 -7240 1756 -6216 41282 22230 
0 -13600 4688 -5512 -8676 -10484 3926 44114 0 -44114 -3928 10486 8676 5512 -4690 13598 
-14524 -1744 25138 -15736 -30924 4376 10996 -33278 -18704 -33278 10998 4376 -30924 -15736 25140 -1744 
0 -7308 26492 2076 -15810 23682 -7674 27936 0 -27936 7674 -23684 15810 -2078 -26494 7308 
-15018 24612 27570 13808 -4998 -41040 2566 -21040 4774 -21040 2566 -41040 -4998 13808 27570 24612 
0 -13706 9024 32844 -15116 -22878 -52580 -6582 0 6580 52578 22876 15116 -32844 -9026 13704 
10742 8828 54528 31064 -52480 19846 -9576 31174 -14866 31176 -9576 19848 -52480 31066 54528 8828 
0 -26930 8528 -8984 9514 19124 52708 -7096 0 7096 -52710 -19124 -9516 8984 -8528 26928 
16954 35974 17648 11840 -13916 -8354 6280 68498 -35468 68498 6280 -8354 -13916 11842 17648 35974 
0 3896 10238 4720 -8838 -13814 59650 19488 0 -19490 -59650 13812 8838 -4720 -10238 -3898 
6378 11466 -47996 -33158 -28788 14164 24334 7088 6146 7088 24334 14164 -28788 -33158 -47996 11466 
0 -13406 -6118 -4504 32628 -71456 -29528 45680 0 -45680 29528 71454 -32628 4504 6118 13406 
-77368 14760 13480 -9054 52168 -764 -24754 39430 56486 39428 -24754 -764 52168 -9054 13480 14762 
0 -4120 13480 -12966 27002 -10586 -9646 -10180 0 10180 9644 10586 -27004 12966 -13482 4118 
23092 -50860 -8496 -37642 -6072 10250 34936 19180 -49248 19180 34936 10250 -6072 -37642 -8496 -50860 
0 -1630 25152 -12476 4982 -6280 -38032 3312 0 -3312 38030 6278 -4984 12476 -25154 1628 
10392 35962 12504 -14022 36320 4970 -5348 26378 55470 26380 -5348 4970 36320 -14022 12504 35964 
0 45632 -6100 -21008 29704 -896 44740 20506 0 -20506 -44740 894 -29704 21006 6098 -45634 
-43678 29648 -646 9428 3308 3354 13490 -21616 27714 -21616 13490 3354 3308 9428 -646 29648 
0 5786 71948 50322 -17780 -17158 6020 29130 0 -29130 -6020 17156 17780 -50324 -71948 -5786 
47536 15336 15376 33484 12840 -60682 -16954 -7128 61518 -7128 -16954 -60680 12840 33486 15376 15336 
0 11564 -26024 14010 25354 -36884 42496 12044 0 -12044 -42496 36884 -25356 -14012 26024 -11566 
-36812 -34824 -11778 -17032 -15870 -8916 38704 32970 -69600 32970 38704 -8916 -15870 -17032 -11778 -34822 
0 -12584 -27744 -3412 4818 50322 -16402 38158 0 -38158 16402 -50324 -4820 3412 27744 12584 
-63238 13654 19276 64452 -47864 1458 28996 9732 40674 9734 28996 1458 -47864 64452 19276 13654 
0 38716 9684 44640 10578 -17324 -8964 -11910 0 11910 8964 17322 -10578 -44642 -9684 -38718 
36162 3128 -5274 24020 -18888 29102 -52896 -24648 -27570 -24648 -52896 29102 -18888 24020 -5274 3128 
0 20738 20356 52622 -59404 -4028 -1160 -27348 0 27348 1158 4028 59404 -52624 -20356 -20740 
25246 -11688 3332 25158 -18428 2114 -26230 27206 11312 27206 -26230 2114 -18428 25158 3332 -11688 
0 31534 35782 -602 28404 15866 42326 21190 0 -21192 -42326 -15866 -28404 602 -35782 -31536 
30348 62774 30302 1100 10232 3902 44678 -32308 -60094 -32306 44678 3904 10232 1100 30302 62774 
0 -17662 -25110 -4972 -30458 43076 40630 -17136 0 17136 -40630 -43076 30458 4970 25110 17660 
59716 -17674 35882 9850 1258 -18152 -20080 -39920 -18012 -39920 -20080 -18152 1258 9850 35882 -17674 
0 -31052 -1192 -20276 -15046 78248 -5288 -33448 0 33448 5286 -78250 15046 20272 1192 31050 
63816 2356 28658 6994 3858 26634 38140 -14960 5272 -14960 38140 26636 3858 6996 28658 2358 
0 13940 -13544 24218 -14262 -8422 -48630 13900 0 -13900 48630 8422 14262 -24220 13544 -13942 
22934 31402 5202 23168 39432 15552 656 27200 -85072 27200 658 15552 39432 23168 5202 31402 
0 -8906 6550 12946 34788 25922 -25450 -1742 0 1742 25450 -25922 -34788 -12946 -6550 8906 
5436 -30312 -20380 77110 -1436 30938 -8176 21894 7038 21894 -8176 30940 -1436 77112 -20380 -30312 
0 32716 8044 -49086 13412 -29384 28220 3066 0 -3066 -28220 29384 -13412 49084 -8044 -32718 
-91032 -27104 9998 -47646 7232 -596 -16280 25680 -10288 25680 -16280 -594 7232 -47646 9998 -27104 
0 -12628 3152 25664 -17408 14820 12224 26320 0 -26320 -12224 -14820 17408 -25664 -3154 12628 
-11320 13620 16112 24350 18328 25460 11596 -15014 17736 -15014 11596 25460 18328 24350 16112 13620 
0 -23918 -27888 78356 -18728 -11134 9972 -15342 0 15340 -9974 11132 18728 -78358 27886 23916 
6228 -13196 18698 -12378 -44162 -1106 -20942 1246 85558 1248 -20942 -1106 -44162 -12378 18698 -13196 
0 -9792 26240 41694 -9728 -30540 27422 15540 0 -15542 -27422 30538 9728 -41696 -26240 9788 
22678 -37954 -15370 8622 8436 38668 38866 30760 2456 30760 38866 38670 8436 8624 -15370 -37954 
0 14060 6680 -13740 2338 -11812 44800 -13936 0 13934 -44800 11812 -2338 13740 -6680 -14060 
18358 16496 43808 -18132 9948 -20670 31424 59448 -7620 59450 31424 -20670 9948 -18130 43808 16496 
0 6202 -42060 -11786 38308 14022 -13674 -9428 0 9428 13674 -14024 -38308 11786 42060 -6204 
11278 -32982 29154 -34592 19250 8024 -1324 15724 47412 15726 -1324 8024 19250 -34590 29154 -32982 
0 -8004 35756 -33460 6168 8502 -63028 -62556 0 62556 63028 -8502 -6168 33460 -35756 8002 
22044 -16148 28130 5706 -13024 -31088 14140 -16398 -81648 -16398 14140 -31088 -13024 5706 28130 -16146 
0 3852 14432 5520 2194 28352 -8088 16000 0 -16000 8086 -28352 -2196 -5520 -14434 -3856 
39972 -13454 37084 12574 37780 -8950 -5326 -1490 6528 -1490 -5326 -8950 37780 12576 37084 -13454 
0 3244 31096 33142 32704 25174 -18200 -28680 0 28680 18200 -25174 -32704 -33142 -31096 -3248 
82314 17132 43122 -17526 -19828 2560 232 -7540 28056 -7540 232 2562 -19828 -17524 43122 17132 
0 7454 11188 -4374 54602 8904 13904 -58400 0 58398 -13904 -8904 -54604 4372 -11188 -7456 
-28844 -10972 -20776 -15464 54772 -12438 -27496 1236 39808 1236 -27496 -12438 54772 -15464 -20776 -10972 
0 -582 17050 9352 -34996 21162 -9198 -9600 0 9600 9198 -21162 34994 -9352 -17050 582 
-39650 -13218 10416 -40544 -6894 15560 -804 11400 18882 11400 -804 15560 -6894 -40542 10416 -13218 
0 52908 -2956 -11486 -45306 -19556 -16174 23252 0 -23252 16172 19556 45306 11484 2956 -52908 
-42648 -34874 -3480 -12716 -14980 46794 17496 30310 -39622 30310 17496 46794 -14980 -12716 -3480 -34874 
0 -26734 -2660 -13704 17298 21254 -11046 25932 0 -25932 11046 -21256 -17300 13704 2660 26734 
-708 46984 -9288 28656 -21686 -3236 18850 -19140 39930 -19140 18850 -3236 -21686 28656 -9288 46986 
0 -53654 -7702 -16780 -1606 14260 -21300 19954 0 -19954 21300 -14260 1606 16780 7702 53652 
-29152 402 -45284 -32340 13604 3902 -13364 17872 -24012 17872 -13364 3900 13604 -32340 -45284 402 
0 660 -61834 11152 26566 41882 -14132 36204 0 -36204 14132 -41884 -26568 -11152 61834 -660 
-44704 9926 -1944 -1574 -55652 -37050 3596 3030 -15758 3030 3596 -37050 -55652 -1574 -1944 9926 
0 -20718 78160 144 18336 7116 3008 -12756 0 12754 -3008 -7116 -18336 -144 -78160 20716 
-24860 34178 19544 -8062 -25132 -9424 -3622 28748 16752 28748 -3622 -9424 -25132 -8062 19544 34178 
0 50052 -3574 35452 -12008 -15304 15632 36712 0 -36714 -15632 15304 12006 -35452 3574 -50054 
-48978 1544 -12432 15100 35796 -32666 -44344 2228 15514 2228 -44344 -32666 35796 15100 -12432 1546 
0 4976 7680 50308 -45068 852 -18120 -38282 0 38282 18118 -856 45068 -50308 -7680 -4978 
-32608 8490 32070 -31084 6660 -53906 -28586 -10642 -1442 -10642 -28586 -53906 6660 -31084 32070 8490 
0 26756 55864 -14222 20386 -23234 8386 -8256 0 8256 -8386 23234 -20386 14222 -55864 -26756 
6918 -14256 -6256 32752 43274 15532 -32190 19662 -32674 19662 -32190 15532 43274 32752 -6256 -14256 
0 -18464 21984 -37832 -39184 -23738 -1500 12192 0 -12192 1498 23736 39184 37832 -21986 18464 
29560 -16880 -28374 7914 -3194 28276 12902 53160 59574 53160 12902 28276 -3194 7914 -28374 -16880 
0 -29930 -4656 -568 2184 -7248 35672 -43666 0 43666 -35672 7248 -2184 568 4656 29930 
57468 18608 31858 -33560 -11780 7484 12118 -30982 -7818 -30982 12118 7484 -11780 -33560 31858 18608 
0 -17752 5850 3666 19424 -57850 28382 11416 0 -11416 -28382 57850 -19424 -3666 -5850 17750 
-8466 -35856 -8296 16014 65146 26078 -13306 3904 52486 3904 -13306 26078 65146 16014 -8296 -35856 
0 -68968 26018 -29008 23562 2482 -10274 -19830 0 19830 10272 -2484 -23562 29008 -26020 68968 
10334 -25690 5372 -12656 14300 50276 7868 -20462 -26808 -20462 7868 50276 14300 -12656 5372 -25690 
0 582 -24250 36862 -12328 -31724 1076 -6132 0 6130 -1078 31722 12328 -36864 24248 -584 
-8940 -6156 37206 -35004 -17496 -27344 -56202 13502 55732 13502 -56202 -27344 -17496 -35004 37206 -6154 
0 -21324 -35806 -10148 -12716 -49302 22808 -17458 0 17458 -22808 49300 12716 10148 35806 21322 
-27358 1008 -23856 418 -25660 9028 35332 -4430 -103372 -4430 35332 9028 -25660 418 -23856 1008 
0 29140 6084 29020 27454 -3928 -6552 5670 0 -5670 6552 3926 -27454 -29020 -6084 -29142 
7932 3596 23156 1880 24966 3680 -87708 -42348 24902 -42350 -87708 3680 24966 1880 23156 3598 
0 356 -15916 40040 -12712 9764 -47426 -5204 0 5204 47426 -9764 12710 -40042 15916 -358 
-44368 -4988 -3812 -7744 -33604 -4316 -56480 7006 41152 7006 -56480 -4316 -33604 -7744 -3812 -4988 
0 890 -6616 -20870 53520 -24404 42342 3852 0 -3852 -42342 24404 -53520 20868 6616 -892 
-51496 41012 10026 -15364 9672 19804 19220 27710 88 27712 19220 19804 9672 -15364 10026 41014 
0 10624 38584 46698 40782 -45538 1200 -13376 0 13376 -1200 45536 -40784 -46698 -38586 -10624 
-27640 13732 -10036 16110 -19204 -25356 -14544 -32140 17650 -32138 -14544 -25356 -19204 16110 -10036 13732 
0 19220 -32240 7572 -36096 -10460 5896 -61926 0 61928 -5898 10460 36094 -7572 32240 -19222 
78296 -5472 -29188 53736 -10272 10570 6368 36116 39022 36116 6368 10572 -10272 53738 -29188 -5472 
0 5392 -7952 41250 -7112 18256 3010 25466 0 -25466 -3010 -18256 7112 -41252 7950 -5392 
16368 29984 20492 -14690 21426 -41856 26150 18706 54904 18708 26150 -41856 21426 -14688 20492 29986 
0 16166 15142 -46224 -49532 -24200 31500 -32910 0 32908 -31500 24198 49530 46224 -15142 -16168 
69644 65666 17850 -43696 -10588 -4416 19124 -120 -31240 -120 19124 -4416 -10588 -43696 17850 65666 
0 -47780 34612 17738 -22304 -10850 8940 -8236 0 8236 -8940 10850 22302 -17740 -34612 47780 
-6976 17212 -25428 -36186 32016 -13396 28884 -38284 -16388 -38284 28884 -13396 32016 -36186 -25428 17212 
0 2192 -12796 -2946 -17824 -47922 -47508 16824 0 -16824 47508 47920 17824 2946 12796 -2192 
24088 -43422 15444 -45148 11008 10762 5936 12620 12860 12620 5936 10762 11008 -45148 15444 -43422 
0 -25574 -16710 -116 -39460 -2780 43496 -17534 0 17534 -43496 2780 39458 116 16708 25572 
-42488 31126 2416 -29934 -8500 36252 34838 20972 15322 20974 34838 36252 -8500 -29932 2416 31128 
0 -55370 28576 -42692 -3484 -8262 18520 15124 0 -15124 -18520 8262 3484 42692 -28576 55368 
-61428 29436 -8542 -4028 -9364 -23232 -31504 -23890 -7126 -23890 -31504 -23232 -9364 -4026 -8542 29438 
0 -11948 -7496 -20792 -17644 8392 -40530 -26812 0 26812 40530 -8392 17642 20790 7496 11946 
27008 8778 21064 -31242 -40 10652 6836 594 17188 594 6836 10652 -40 -31242 21064 8778 
0 18842 38588 -55060 36772 -2688 -19976 -26726 0 26726 19974 2686 -36772 55058 -38588 -18842 
-62992 15744 -27318 -2060 2552 24910 9092 -41528 -51628 -41528 9092 24912 2552 -2060 -27318 15744 
0 -30232 -4558 23752 14308 -29780 -18078 -6472 0 6472 18078 29780 -14308 -23752 4558 30232 
-24812 8458 -17114 -16670 17232 15928 -1742 45122 -22972 45122 -1742 15928 17232 -16670 -17114 8458 
0 -6580 15656 10254 41104 11788 -18696 -14332 0 14332 18696 -11788 -41104 -10254 -15656 6580 
12402 21486 -14668 15196 -2094 -15708 -19228 -57544 -31400 -57544 -19228 -15708 -2094 15196 -14668 21486 
0 -12422 -31492 -29812 43040 17848 -9312 2056 0 -2056 9312 -17848 -43040 29810 31492 12420 
-7512 5334 15000 -9512 -63652 894 1366 22064 -37336 22064 1368 894 -63652 -9512 15000 5336 
0 -34588 22808 -41690 -92960 13060 9008 9902 0 -9902 -9008 -13060 92958 41690 -22810 34588 
-58084 -10574 27318 49892 4472 28888 -20036 5942 -26568 5944 -20036 28888 4472 49892 27318 -10572 
0 -31748 -22988 20884 -23856 -22474 -13020 3190 0 -3192 13020 22472 23854 -20882 22988 31746 
-42176 -7108 16126 10170 10844 14388 20150 11388 63492 11388 20150 14388 10844 10170 16126 -7108 
0 -34470 64372 -134 34694 -15928 -19384 7400 0 -7400 19382 15928 -34696 132 -64374 34470 
-37788 -36030 -13138 7438 -27456 -28724 -24128 1506 76140 1506 -24128 -28724 -27456 7438 -13138 -36030 
0 -1242 33116 -43492 16180 4176 -4560 -7994 0 7992 4560 -4178 -16180 43492 -33116 1240 
-41922 9046 -10284 8888 13416 15624 -29500 5424 4996 5424 -29500 15624 13416 8888 -10284 9046 
0 -33416 -14068 41356 18600 20072 6402 15764 0 -15764 -6404 -20072 -18600 -41356 14068 33416 
33802 -36926 -17758 -9924 -4658 -2590 -23530 -48782 53812 -48782 -23530 -2590 -4658 -9924 -17758 -36926 
0 -1040 31238 -33982 11386 17930 70324 4988 0 -4988 -70324 -17930 -11386 33982 -31238 1040 
12874 -39878 37446 40496 25446 17022 9488 -50744 2576 -50744 9488 17022 25446 40496 37446 -39878 
0 -38264 16414 14024 38694 -24870 12008 17786 0 -17788 -12008 24868 -38696 -14026 -16414 38262 
-34860 2164 13812 6322 13992 -8926 60094 -51078 -17752 -51078 60094 -8926 13992 6322 13812 2164 
0 -27564 -2944 -26246 -4292 -40280 -47412 206 0 -208 47412 40280 4290 26244 2944 27562 
40968 -30646 -33508 -50902 6892 -4816 -15862 -12568 57990 -12568 -15862 -4814 6892 -50902 -33508 -30644 
0 -45518 -12872 -15212 -41160 33340 -21640 -21984 0 21984 21640 -33342 41158 15212 12872 45516 
-68210 11806 -2252 -20040 -11132 -10076 32872 22214 30854 22214 32872 -10076 -11132 -20040 -2252 11806 
0 -18482 364 -20308 10418 9592 -12142 -27394 0 27394 12142 -9592 -10420 20306 -364 18482 
-4680 -57302 -568 -31732 -17220 -2280 -16026 36262 -15576 36262 -16026 -2280 -17220 -31732 -568 -57302 
0 35592 -14530 22868 23578 -41566 -7440 35742 0 -35744 7438 41564 -23580 -22870 14528 -35594 
53148 8828 224 -2944 22772 17602 -25618 2624 -17228 2624 -25618 17602 22772 -2944 224 8828 
0 -61218 6648 16238 15410 17888 69744 1732 0 -1734 -69744 -17890 -15412 -16240 -6650 61216 
-10454 -31078 -18328 3790 -35434 -26350 -16892 -4746 15386 -4746 -16892 -26350 -35434 3790 -18328 -31078 
0 -17104 39724 -35634 1426 -55800 -28048 -24258 0 24256 28048 55800 -1426 35632 -39724 17102 
42008 25462 27408 -18606 11980 37342 -5422 33634 -20298 33634 -5422 37342 11980 -18606 27408 25462 
0 34970 -14224 -5572 20846 21716 79484 11710 0 -11710 -79484 -21716 -20846 5572 14224 -34970 
83370 15856 28114 -21988 7122 -20034 -4868 45916 -43348 45916 -4868 -20034 7122 -21988 28114 15856 
0 17868 -10852 -9384 24962 20420 -832 -9028 0 9026 832 -20422 -24962 9382 10850 -17868 
-14544 -15718 -16420 -36708 -30784 32406 14500 -38700 -30914 -38700 14500 32406 -30784 -36706 -16420 -15718 
0 10308 22420 1552 -2408 -35510 -27558 -3042 0 3042 27556 35510 2406 -1552 -22422 -10308 
-8698 35146 -28674 44952 11000 25372 -35488 -17400 44558 -17398 -35486 25372 11000 44952 -28674 35148 
0 -9410 -7096 -41276 -37396 -17534 -264 51978 0 -51978 264 17532 37394 41278 7096 9408 
-33854 -24950 -16212 8722 10410 -12414 -31006 42342 76052 42342 -31006 -12414 10410 8722 -16212 -24950 
0 -40270 25630 -31970 -20196 25352 8090 -28782 0 28780 -8092 -25352 20196 31970 -25632 40268 
-3084 -25848 -9652 7380 60598 -11880 -31412 33784 12462 33784 -31412 -11880 60598 7380 -9652 -25848 
0 -14192 -11604 -39326 10722 -7510 -5844 -2796 0 2794 5842 7510 -10722 39326 11602 14190 
-47748 -40506 -10996 5690 6968 15904 -38322 -626 -32770 -626 -38322 15906 6968 5690 -10996 -40506 
0 -15204 21322 -32538 22650 55236 -21178 -36540 0 36538 21176 -55236 -22650 32536 -21324 15202 
52090 28826 18016 11254 -7674 -45422 42264 40784 11630 40784 42264 -45422 -7674 11254 18016 28826 
0 -34028 -32080 34700 3446 -9532 -2746 -13520 0 13520 2746 9530 -3448 -34700 32080 34028 
47616 -4512 -23698 -534 7768 -14122 828 46580 -8094 46580 828 -14120 7768 -532 -23698 -4512 
0 -16572 -11498 12416 35228 -15424 -18280 -35628 0 35626 18282 15422 -35228 -12420 11496 16570 
-29386 -18524 24562 -16630 -29112 31026 11440 22508 -48126 22508 11440 31026 -29112 -16630 24562 -18524 
0 -16616 -1728 2446 -17876 -6900 -56970 -27860 0 27858 56970 6900 17876 -2448 1728 16616 
-34710 -5772 3272 3936 28504 -28876 426 25444 34674 25444 426 -28876 28504 3936 3272 -5772 
0 308 24732 34874 12150 -17230 -380 -46528 0 46528 380 17230 -12150 -34874 -24734 -308 
36186 -5968 15484 9750 21002 -19318 32892 -5952 -7482 -5952 32892 -19318 21002 9750 15484 -5968 
0 -28640 26958 -23002 -46016 -28860 -6356 54492 0 -54492 6356 28860 46014 23002 -26960 28638 
-53256 28388 18384 -58792 -37264 -23208 4900 -13194 -41100 -13194 4900 -23208 -37264 -58792 18384 28388 
0 -15660 -15604 -41920 7288 -12118 3784 -280 0 278 -3786 12118 -7288 41918 15602 15656 
-40438 40776 -30914 12816 13588 -3928 44528 8380 4050 8380 44528 -3928 13588 12816 -30914 40776 
0 -12674 -70236 -44124 2790 192 12460 -6000 0 6000 -12460 -192 -2792 44124 70236 12672 
76684 1140 -24544 -37596 -18274 -32368 -22760 -26330 32996 -26328 -22760 -32368 -18274 -37596 -24544 1140 
0 -13332 -19364 48336 41058 16410 4468 -3284 0 3286 -4468 -16412 -41058 -48336 19362 13330 
4294 8490 -46000 40144 -19812 -19980 -52568 -19550 15740 -19548 -52568 -19980 -19812 40144 -46000 8492 
0 13366 -22338 31496 9634 -13440 -18106 -30808 0 30808 18104 13440 -9636 -31496 22336 -13368 
31922 15084 -5682 45548 -17626 19124 13804 11436 -27570 11436 13804 19124 -17626 45548 -5682 15084 
0 -33698 -4500 6336 3706 12800 22956 60672 0 -60672 -22956 -12802 -3706 -6334 4500 33698 
-31916 -32844 -10136 18844 49064 -7862 35060 -24656 37386 -24656 35060 -7862 49064 18844 -10136 -32844 
0 -9370 10184 -30006 -7132 8442 -10680 -33778 0 33776 10680 -8442 7132 30006 -10184 9368 
62202 22104 -12674 16442 -3840 -41020 5824 -31740 30072 -31740 5824 -41020 -3840 16442 -12674 22104 
0 14208 4484 38080 -8812 -24476 22312 -27342 0 27340 -22312 24476 8812 -38080 -4486 -14208 
-64258 -4452 -14066 18092 7938 6554 -51798 -19056 -34152 -19056 -51798 6554 7938 18092 -14066 -4452 
0 -4042 47066 -34266 32826 12252 10514 5190 0 -5192 -10514 -12254 -32826 34264 -47066 4040 
