01111111111111111111 00000000000000000000 
01110110010000011011 11001111000001000100 
01011010100000101000 10100101011111011000 
00110000111110111100 10001001101111100101 
00000000000000000000 10000000000000000001 
11001111000001000100 10001001101111100101 
10100101011111011000 10100101011111011000 
10001001101111100101 11001111000001000100 
10000000000000000001 00000000000000000000 
10001001101111100101 00110000111110111100 
10100101011111011000 01011010100000101000 
11001111000001000100 01110110010000011011 
00000000000000000000 01111111111111111111 
00110000111110111100 01110110010000011011 
01011010100000101000 01011010100000101000 
01110110010000011011 00110000111110111100 
01111111111111111111 00000000000000000000 
