1.43682861328125 0.9395751953125 1.234130859375 -0.8382568359375 -0.73486328125 -0.23968505859375 -0.8050537109375 0.0426025390625 -0.82427978515625 0.04254150390625 -0.8050537109375 -0.23974609375 -0.73486328125 -0.8382568359375 1.234130859375 0.9395751953125 
0.0 -0.1524658203125 1.1915283203125 -0.88824462890625 -0.74383544921875 -0.13409423828125 0.83673095703125 0.04541015625 0.0 -0.04541015625 -0.8367919921875 0.13409423828125 0.74383544921875 0.88824462890625 -1.19158935546875 0.1524658203125 
-1.888671875 0.47406005859375 -1.69635009765625 -0.0150146484375 -0.702392578125 1.556884765625 1.04364013671875 -1.123291015625 -1.1842041015625 -1.123291015625 1.04364013671875 1.556884765625 -0.702392578125 -0.0150146484375 -1.69635009765625 0.47406005859375 
0.0 1.9189453125 -0.52740478515625 0.703369140625 1.43682861328125 -0.101318359375 0.43731689453125 -0.41357421875 0.0 0.41351318359375 -0.43731689453125 0.10125732421875 -1.43682861328125 -0.70343017578125 0.52740478515625 -1.9189453125 
-0.3935546875 -0.84521484375 -0.70330810546875 -0.37451171875 -1.09185791015625 -0.20849609375 -1.00634765625 0.71923828125 1.30035400390625 0.71923828125 -1.00634765625 -0.20849609375 -1.09185791015625 -0.37451171875 -0.70330810546875 -0.84521484375 
0.0 0.231689453125 0.3460693359375 1.2530517578125 0.13043212890625 -0.177001953125 -1.01318359375 0.68731689453125 0.0 -0.6873779296875 1.01318359375 0.17694091796875 -0.1304931640625 -1.25311279296875 -0.3460693359375 -0.231689453125 
0.639892578125 -0.25018310546875 -0.63836669921875 -0.4964599609375 -0.5921630859375 0.03546142578125 0.8726806640625 1.21630859375 -0.68798828125 1.21630859375 0.8726806640625 0.03546142578125 -0.5921630859375 -0.4964599609375 -0.63836669921875 -0.25018310546875 
0.0 0.2410888671875 0.156494140625 -0.20672607421875 -0.3740234375 -0.8306884765625 1.119873046875 0.03375244140625 0.0 -0.0338134765625 -1.11993408203125 0.8306884765625 0.3740234375 0.20672607421875 -0.15655517578125 -0.2410888671875 
-1.0506591796875 -0.34088134765625 0.3238525390625 -1.06060791015625 0.7645263671875 0.67828369140625 -0.6163330078125 -2.16534423828125 -1.5550537109375 -2.16534423828125 -0.6163330078125 0.67828369140625 0.7645263671875 -1.06060791015625 0.3238525390625 -0.34088134765625 
0.0 -1.0467529296875 1.69378662109375 -0.0999755859375 0.78411865234375 -0.42169189453125 0.55157470703125 1.4844970703125 0.0 -1.4844970703125 -0.5516357421875 0.421630859375 -0.78411865234375 0.0999755859375 -1.69384765625 1.0467529296875 
-1.3878173828125 -1.2818603515625 0.96441650390625 -0.98077392578125 -0.073974609375 -0.1727294921875 -0.871826171875 -0.14117431640625 -0.94378662109375 -0.14117431640625 -0.871826171875 -0.1727294921875 -0.073974609375 -0.98077392578125 0.96441650390625 -1.2818603515625 
0.0 1.7652587890625 0.74078369140625 0.35009765625 0.753173828125 0.2249755859375 -0.55426025390625 0.14288330078125 0.0 -0.14288330078125 0.55419921875 -0.2249755859375 -0.753173828125 -0.35009765625 -0.7408447265625 -1.7652587890625 
0.18438720703125 0.0185546875 0.388671875 -1.07666015625 -0.57928466796875 1.7393798828125 1.49371337890625 0.3826904296875 0.53997802734375 0.3826904296875 1.49371337890625 1.7393798828125 -0.57928466796875 -1.07666015625 0.38873291015625 0.0185546875 
0.0 0.232177734375 -0.29364013671875 -0.8565673828125 0.1416015625 -0.0302734375 0.89453125 -0.6728515625 0.0 0.67279052734375 -0.89459228515625 0.0302734375 -0.1416015625 0.8565673828125 0.2935791015625 -0.23223876953125 
-1.2366943359375 0.83819580078125 0.0244140625 -0.4256591796875 -0.67620849609375 1.9967041015625 0.8004150390625 -0.4168701171875 -0.32928466796875 -0.41680908203125 0.8004150390625 1.9967041015625 -0.67620849609375 -0.4256591796875 0.0244140625 0.83819580078125 
0.0 0.8861083984375 -0.2083740234375 0.4061279296875 -0.37677001953125 -0.66790771484375 0.6634521484375 -1.39898681640625 0.0 1.39898681640625 -0.6634521484375 0.66790771484375 0.37677001953125 -0.4061279296875 0.2083740234375 -0.8861083984375 
0.236328125 -0.9095458984375 -1.6533203125 0.657470703125 -0.2811279296875 -0.37921142578125 0.7911376953125 -0.198486328125 0.792724609375 -0.198486328125 0.7911376953125 -0.379150390625 -0.2811279296875 0.65753173828125 -1.6533203125 -0.9095458984375 
0.0 0.7432861328125 0.76348876953125 -0.3511962890625 0.0313720703125 0.51611328125 -0.68975830078125 -0.52447509765625 0.0 0.5244140625 0.68975830078125 -0.51611328125 -0.0313720703125 0.35113525390625 -0.76348876953125 -0.7432861328125 
-0.9345703125 -0.9090576171875 -0.9471435546875 0.73406982421875 0.14276123046875 -1.0272216796875 0.0189208984375 1.38177490234375 1.273681640625 1.38177490234375 0.0189208984375 -1.0272216796875 0.14276123046875 0.73406982421875 -0.9471435546875 -0.9090576171875 
0.0 0.01873779296875 -0.61285400390625 0.45233154296875 -0.67523193359375 0.2353515625 -0.40814208984375 0.73040771484375 0.0 -0.73040771484375 0.40814208984375 -0.2353515625 0.67523193359375 -0.452392578125 0.61285400390625 -0.01873779296875 
0.934326171875 -0.1090087890625 0.30908203125 -0.5391845703125 -1.1614990234375 0.01190185546875 0.01025390625 -2.3990478515625 0.37384033203125 -2.3990478515625 0.01025390625 0.01190185546875 -1.1614990234375 -0.5391845703125 0.30908203125 -0.1090087890625 
0.0 0.44561767578125 0.7022705078125 -0.025634765625 0.12371826171875 -0.0340576171875 0.6080322265625 -0.1483154296875 0.0 0.1483154296875 -0.6080322265625 0.0340576171875 -0.123779296875 0.02557373046875 -0.7022705078125 -0.44561767578125 
0.75616455078125 0.0931396484375 0.0791015625 0.17474365234375 1.48016357421875 -0.1727294921875 0.1182861328125 -1.40399169921875 -2.10198974609375 -1.40399169921875 0.1182861328125 -0.1727294921875 1.48016357421875 0.17474365234375 0.0791015625 0.0931396484375 
0.0 0.7254638671875 -0.1181640625 0.59979248046875 -1.2862548828125 1.19464111328125 0.48248291015625 0.42578125 0.0 -0.42578125 -0.48248291015625 -1.1947021484375 1.2862548828125 -0.599853515625 0.1181640625 -0.7254638671875 
1.9962158203125 0.0318603515625 -1.11199951171875 0.64892578125 -0.4833984375 0.097900390625 1.284423828125 0.6116943359375 -0.43408203125 0.6116943359375 1.284423828125 0.097900390625 -0.4833984375 0.64892578125 -1.11199951171875 0.0318603515625 
0.0 0.47088623046875 0.201416015625 -1.64678955078125 -0.172607421875 1.13397216796875 -0.269775390625 -0.54425048828125 0.0 0.54425048828125 0.269775390625 -1.13397216796875 0.172607421875 1.64678955078125 -0.201416015625 -0.47088623046875 
0.26019287109375 -0.3448486328125 -0.13482666015625 0.397216796875 0.18707275390625 -0.86077880859375 0.3348388671875 -0.30377197265625 -1.587646484375 -0.30377197265625 0.3348388671875 -0.86077880859375 0.18707275390625 0.397216796875 -0.13482666015625 -0.3448486328125 
0.0 1.176513671875 -1.2117919921875 0.0072021484375 -0.7802734375 0.0806884765625 1.05877685546875 0.4573974609375 0.0 -0.4573974609375 -1.058837890625 -0.08074951171875 0.7802734375 -0.00726318359375 1.2117919921875 -1.176513671875 
0.94879150390625 -0.59619140625 1.50396728515625 0.4403076171875 -0.431396484375 -0.490478515625 0.38134765625 -1.2520751953125 -2.0355224609375 -1.25201416015625 0.38134765625 -0.490478515625 -0.431396484375 0.4403076171875 1.50396728515625 -0.59613037109375 
0.0 -0.4417724609375 -0.60638427734375 -0.8934326171875 0.701904296875 -0.1688232421875 0.55218505859375 0.6217041015625 0.0 -0.6217041015625 -0.55224609375 0.16876220703125 -0.701904296875 0.89337158203125 0.6063232421875 0.4417724609375 
-2.0145263671875 0.0220947265625 0.98504638671875 0.28546142578125 -0.008544921875 1.0286865234375 -1.14453125 -0.236572265625 -0.2010498046875 -0.236572265625 -1.14453125 1.0286865234375 -0.008544921875 0.2855224609375 0.98504638671875 0.0220947265625 
0.0 -0.17333984375 0.23773193359375 0.40887451171875 -0.38055419921875 -0.919189453125 -0.000244140625 0.60906982421875 0.0 -0.609130859375 0.000244140625 0.919189453125 0.38055419921875 -0.40887451171875 -0.23779296875 0.1732177734375 
2.1773681640625 -0.421630859375 0.1883544921875 -0.51129150390625 1.5037841796875 0.96319580078125 -0.20770263671875 0.354248046875 1.3740234375 0.354248046875 -0.20770263671875 0.96319580078125 1.5037841796875 -0.51129150390625 0.1883544921875 -0.421630859375 
0.0 0.226806640625 0.71630859375 0.2330322265625 1.53277587890625 -0.489013671875 -0.81781005859375 -0.603759765625 0.0 0.603759765625 0.81781005859375 0.489013671875 -1.53277587890625 -0.2330322265625 -0.71630859375 -0.226806640625 
1.58612060546875 0.13214111328125 0.63433837890625 -0.4571533203125 -0.9053955078125 0.66046142578125 0.02374267578125 1.7398681640625 0.4605712890625 1.7398681640625 0.02374267578125 0.66046142578125 -0.9053955078125 -0.45709228515625 0.63433837890625 0.1322021484375 
0.0 1.55767822265625 0.42974853515625 -0.21966552734375 0.3260498046875 -0.303466796875 -0.46826171875 1.7017822265625 0.0 -1.7017822265625 0.46826171875 0.303466796875 -0.3260498046875 0.21966552734375 -0.42974853515625 -1.5577392578125 
-1.55352783203125 -0.09124755859375 -0.009765625 -0.76202392578125 0.5194091796875 -1.15472412109375 0.41455078125 -0.55426025390625 -0.8206787109375 -0.55426025390625 0.41455078125 -1.15472412109375 0.5194091796875 -0.76202392578125 -0.009765625 -0.09124755859375 
0.0 -1.1767578125 -1.25714111328125 -1.45489501953125 1.09405517578125 -0.5020751953125 0.0164794921875 -0.16961669921875 0.0 0.1695556640625 -0.0164794921875 0.5020751953125 -1.0941162109375 1.454833984375 1.25714111328125 1.17669677734375 
3.3846435546875 -0.54620361328125 0.55389404296875 -0.10369873046875 -0.310546875 0.095947265625 0.55316162109375 0.11322021484375 0.0386962890625 0.11322021484375 0.55316162109375 0.095947265625 -0.310546875 -0.1036376953125 0.55389404296875 -0.54620361328125 
0.0 -1.90728759765625 -0.107177734375 -0.5242919921875 -0.04345703125 -0.085693359375 0.236083984375 0.10418701171875 0.0 -0.10418701171875 -0.23614501953125 0.085693359375 0.04339599609375 0.5242919921875 0.107177734375 1.90728759765625 
1.20538330078125 0.2781982421875 -1.345947265625 0.18011474609375 1.473388671875 0.4036865234375 -0.0587158203125 0.1614990234375 -1.7901611328125 0.1614990234375 -0.0587158203125 0.4036865234375 1.473388671875 0.18011474609375 -1.345947265625 0.2781982421875 
0.0 0.1956787109375 -0.24249267578125 0.29132080078125 0.6329345703125 0.62615966796875 0.02984619140625 0.833251953125 0.0 -0.83331298828125 -0.02984619140625 -0.62615966796875 -0.6329345703125 -0.29132080078125 0.24249267578125 -0.19573974609375 
-0.2449951171875 -0.162353515625 -0.0042724609375 -0.615478515625 0.4173583984375 0.206787109375 0.969482421875 -0.07476806640625 1.1632080078125 -0.07476806640625 0.969482421875 0.206787109375 0.4173583984375 -0.615478515625 -0.0042724609375 -0.162353515625 
0.0 -1.5250244140625 -1.143310546875 0.5367431640625 1.5887451171875 -0.77667236328125 0.67724609375 0.6519775390625 0.0 -0.65203857421875 -0.67730712890625 0.776611328125 -1.5887451171875 -0.53680419921875 1.14324951171875 1.5250244140625 
-0.525634765625 0.7496337890625 -0.10345458984375 -0.6768798828125 1.7066650390625 -0.31732177734375 0.606689453125 -0.3626708984375 0.7958984375 -0.3626708984375 0.606689453125 -0.3172607421875 1.7066650390625 -0.6768798828125 -0.10345458984375 0.74969482421875 
0.0 -0.377685546875 0.1185302734375 -1.1453857421875 -1.2628173828125 -0.58056640625 -0.246826171875 -0.4986572265625 0.0 0.4986572265625 0.24676513671875 0.58062744140625 1.26275634765625 1.1453857421875 -0.11859130859375 0.37762451171875 
-2.18902587890625 0.6783447265625 1.25982666015625 -0.189697265625 0.0535888671875 -0.220947265625 -0.95989990234375 0.24737548828125 -1.46343994140625 0.24737548828125 -0.95989990234375 -0.220947265625 0.0535888671875 -0.189697265625 1.25982666015625 0.67840576171875 
0.0 -0.4150390625 0.14306640625 -0.168212890625 -0.2647705078125 -0.3199462890625 0.11981201171875 1.34625244140625 0.0 -1.34625244140625 -0.119873046875 0.32000732421875 0.2647705078125 0.168212890625 -0.14312744140625 0.41497802734375 
-0.4432373046875 -0.05322265625 0.76715087890625 -0.480224609375 -0.9437255859375 0.133544921875 0.3355712890625 -1.01556396484375 -0.57080078125 -1.01556396484375 0.33563232421875 0.133544921875 -0.9437255859375 -0.480224609375 0.7672119140625 -0.05322265625 
0.0 -0.2230224609375 0.8084716796875 0.0633544921875 -0.48248291015625 0.72271728515625 -0.23419189453125 0.8525390625 0.0 -0.8525390625 0.23419189453125 -0.7227783203125 0.48248291015625 -0.06341552734375 -0.80853271484375 0.2230224609375 
-0.45831298828125 0.7510986328125 0.84136962890625 0.42138671875 -0.15252685546875 -1.25244140625 0.07830810546875 -0.64208984375 0.14569091796875 -0.64208984375 0.07830810546875 -1.25244140625 -0.15252685546875 0.42138671875 0.84136962890625 0.7510986328125 
0.0 -0.41827392578125 0.275390625 1.0023193359375 -0.4613037109375 -0.69818115234375 -1.6046142578125 -0.20086669921875 0.0 0.2008056640625 1.60455322265625 0.6981201171875 0.4613037109375 -1.0023193359375 -0.27545166015625 0.418212890625 
0.32781982421875 0.2694091796875 1.6640625 0.947998046875 -1.6015625 0.60565185546875 -0.292236328125 0.95135498046875 -0.45367431640625 0.951416015625 -0.292236328125 0.605712890625 -1.6015625 0.94805908203125 1.6640625 0.2694091796875 
0.0 -0.82183837890625 0.26025390625 -0.274169921875 0.29034423828125 0.5836181640625 1.6085205078125 -0.216552734375 0.0 0.216552734375 -1.60858154296875 -0.5836181640625 -0.2904052734375 0.274169921875 -0.26025390625 0.82177734375 
0.51739501953125 1.09783935546875 0.53857421875 0.361328125 -0.4246826171875 -0.25494384765625 0.191650390625 2.09039306640625 -1.0823974609375 2.09039306640625 0.191650390625 -0.25494384765625 -0.4246826171875 0.36138916015625 0.53857421875 1.09783935546875 
0.0 0.118896484375 0.31243896484375 0.14404296875 -0.26971435546875 -0.42156982421875 1.82037353515625 0.5947265625 0.0 -0.59478759765625 -1.82037353515625 0.4215087890625 0.26971435546875 -0.14404296875 -0.31243896484375 -0.11895751953125 
0.19464111328125 0.34991455078125 -1.4647216796875 -1.01190185546875 -0.8785400390625 0.4322509765625 0.74261474609375 0.21630859375 0.18756103515625 0.21630859375 0.74261474609375 0.4322509765625 -0.8785400390625 -1.01190185546875 -1.4647216796875 0.34991455078125 
0.0 -0.40911865234375 -0.18670654296875 -0.137451171875 0.9957275390625 -2.1806640625 -0.901123046875 1.39404296875 0.0 -1.39404296875 0.901123046875 2.18060302734375 -0.9957275390625 0.137451171875 0.18670654296875 0.40911865234375 
-2.361083984375 0.450439453125 0.411376953125 -0.27630615234375 1.592041015625 -0.0233154296875 -0.75543212890625 1.20330810546875 1.72381591796875 1.2032470703125 -0.75543212890625 -0.0233154296875 1.592041015625 -0.27630615234375 0.411376953125 0.45050048828125 
0.0 -0.125732421875 0.411376953125 -0.39569091796875 0.82403564453125 -0.32305908203125 -0.29437255859375 -0.3106689453125 0.0 0.3106689453125 0.2943115234375 0.32305908203125 -0.8240966796875 0.39569091796875 -0.41143798828125 0.12567138671875 
0.7047119140625 -1.5521240234375 -0.25927734375 -1.14874267578125 -0.185302734375 0.31280517578125 1.066162109375 0.5853271484375 -1.5029296875 0.5853271484375 1.066162109375 0.31280517578125 -0.185302734375 -1.14874267578125 -0.25927734375 -1.5521240234375 
0.0 -0.04974365234375 0.767578125 -0.3807373046875 0.15203857421875 -0.191650390625 -1.16064453125 0.10107421875 0.0 -0.10107421875 1.16058349609375 0.19158935546875 -0.152099609375 0.3807373046875 -0.76763916015625 0.0496826171875 
0.317138671875 1.09747314453125 0.381591796875 -0.42791748046875 1.1083984375 0.15167236328125 -0.1632080078125 0.80499267578125 1.69281005859375 0.8050537109375 -0.1632080078125 0.15167236328125 1.1083984375 -0.42791748046875 0.381591796875 1.0975341796875 
0.0 1.392578125 -0.1861572265625 -0.64111328125 0.906494140625 -0.02734375 1.3653564453125 0.62579345703125 0.0 -0.62579345703125 -1.3653564453125 0.02728271484375 -0.906494140625 0.64105224609375 0.18609619140625 -1.39263916015625 
-1.33294677734375 0.90478515625 -0.01971435546875 0.2877197265625 0.1009521484375 0.10235595703125 0.41168212890625 -0.65966796875 0.84576416015625 -0.65966796875 0.41168212890625 0.10235595703125 0.1009521484375 0.2877197265625 -0.01971435546875 0.90478515625 
0.0 0.17657470703125 2.1956787109375 1.53570556640625 -0.5426025390625 -0.52362060546875 0.1837158203125 0.88897705078125 0.0 -0.88897705078125 -0.1837158203125 0.5235595703125 0.5426025390625 -1.5357666015625 -2.1956787109375 -0.17657470703125 
1.45068359375 0.468017578125 0.46923828125 1.0218505859375 0.391845703125 -1.85186767578125 -0.51739501953125 -0.217529296875 1.87738037109375 -0.217529296875 -0.51739501953125 -1.851806640625 0.391845703125 1.02191162109375 0.46923828125 0.468017578125 
0.0 0.3529052734375 -0.794189453125 0.42755126953125 0.77374267578125 -1.1256103515625 1.296875 0.3675537109375 0.0 -0.3675537109375 -1.296875 1.1256103515625 -0.7738037109375 -0.4276123046875 0.794189453125 -0.35296630859375 
-1.1234130859375 -1.062744140625 -0.35943603515625 -0.519775390625 -0.48431396484375 -0.2720947265625 1.18115234375 1.00616455078125 -2.1240234375 1.00616455078125 1.18115234375 -0.2720947265625 -0.48431396484375 -0.519775390625 -0.35943603515625 -1.06268310546875 
0.0 -0.384033203125 -0.8466796875 -0.1041259765625 0.14703369140625 1.53570556640625 -0.50054931640625 1.16448974609375 0.0 -1.16448974609375 0.50054931640625 -1.5357666015625 -0.1470947265625 0.1041259765625 0.8466796875 0.384033203125 
-1.92987060546875 0.41668701171875 0.5882568359375 1.9669189453125 -1.460693359375 0.04449462890625 0.8848876953125 0.2969970703125 1.24127197265625 0.29705810546875 0.8848876953125 0.04449462890625 -1.460693359375 1.9669189453125 0.5882568359375 0.41668701171875 
0.0 1.1815185546875 0.2955322265625 1.3623046875 0.32281494140625 -0.5286865234375 -0.2735595703125 -0.36346435546875 0.0 0.36346435546875 0.2735595703125 0.52862548828125 -0.32281494140625 -1.36236572265625 -0.2955322265625 -1.18157958984375 
1.10357666015625 0.095458984375 -0.16094970703125 0.7330322265625 -0.576416015625 0.88812255859375 -1.6142578125 -0.752197265625 -0.84136962890625 -0.752197265625 -1.6142578125 0.88812255859375 -0.576416015625 0.7330322265625 -0.16094970703125 0.095458984375 
0.0 0.63287353515625 0.6212158203125 1.60589599609375 -1.8128662109375 -0.1229248046875 -0.035400390625 -0.8345947265625 0.0 0.8345947265625 0.03533935546875 0.1229248046875 1.8128662109375 -1.60595703125 -0.6212158203125 -0.6329345703125 
0.77044677734375 -0.356689453125 0.1016845703125 0.76776123046875 -0.5623779296875 0.06451416015625 -0.80047607421875 0.83026123046875 0.34521484375 0.83026123046875 -0.80047607421875 0.06451416015625 -0.5623779296875 0.76776123046875 0.1016845703125 -0.356689453125 
0.0 0.96234130859375 1.09197998046875 -0.01837158203125 0.8668212890625 0.48419189453125 1.29168701171875 0.64666748046875 0.0 -0.646728515625 -1.29168701171875 -0.48419189453125 -0.8668212890625 0.01837158203125 -1.09197998046875 -0.96240234375 
0.9261474609375 1.91571044921875 0.92474365234375 0.0335693359375 0.312255859375 0.11907958984375 1.36346435546875 -0.9859619140625 -1.83392333984375 -0.98590087890625 1.36346435546875 0.119140625 0.312255859375 0.0335693359375 0.92474365234375 1.91571044921875 
0.0 -0.53900146484375 -0.76629638671875 -0.1517333984375 -0.92950439453125 1.3145751953125 1.23992919921875 -0.52294921875 0.0 0.52294921875 -1.23992919921875 -1.3145751953125 0.92950439453125 0.15167236328125 0.76629638671875 0.5389404296875 
1.8223876953125 -0.53936767578125 1.09503173828125 0.30059814453125 0.03839111328125 -0.553955078125 -0.61279296875 -1.21826171875 -0.5496826171875 -1.21826171875 -0.61279296875 -0.553955078125 0.03839111328125 0.30059814453125 1.09503173828125 -0.53936767578125 
0.0 -0.9476318359375 -0.036376953125 -0.6187744140625 -0.45916748046875 2.387939453125 -0.161376953125 -1.020751953125 0.0 1.020751953125 0.16131591796875 -2.38800048828125 0.45916748046875 0.61865234375 0.036376953125 0.94757080078125 
1.947509765625 0.0718994140625 0.87457275390625 0.21343994140625 0.11773681640625 0.81280517578125 1.1639404296875 -0.45654296875 0.160888671875 -0.45654296875 1.1639404296875 0.8128662109375 0.11773681640625 0.2135009765625 0.87457275390625 0.07196044921875 
0.0 0.4254150390625 -0.413330078125 0.73907470703125 -0.43524169921875 -0.25701904296875 -1.48406982421875 0.4241943359375 0.0 -0.4241943359375 1.48406982421875 0.25701904296875 0.43524169921875 -0.7391357421875 0.413330078125 -0.42547607421875 
0.69989013671875 0.95831298828125 0.15875244140625 0.70703125 1.203369140625 0.474609375 0.02001953125 0.830078125 -2.59619140625 0.830078125 0.02008056640625 0.474609375 1.203369140625 0.70703125 0.15875244140625 0.95831298828125 
0.0 -0.27178955078125 0.19989013671875 0.39508056640625 1.0616455078125 0.79107666015625 -0.77667236328125 -0.05316162109375 0.0 0.05316162109375 0.77667236328125 -0.79107666015625 -1.0616455078125 -0.39508056640625 -0.19989013671875 0.27178955078125 
0.1658935546875 -0.925048828125 -0.6219482421875 2.35321044921875 -0.0438232421875 0.94415283203125 -0.24951171875 0.66815185546875 0.21478271484375 0.66815185546875 -0.24951171875 0.9442138671875 -0.0438232421875 2.353271484375 -0.6219482421875 -0.925048828125 
0.0 0.9984130859375 0.2454833984375 -1.49798583984375 0.4093017578125 -0.896728515625 0.8612060546875 0.09356689453125 0.0 -0.09356689453125 -0.8612060546875 0.896728515625 -0.4093017578125 1.4979248046875 -0.2454833984375 -0.99847412109375 
-2.778076171875 -0.8271484375 0.30511474609375 -1.45404052734375 0.220703125 -0.0181884765625 -0.496826171875 0.78369140625 -0.31396484375 0.78369140625 -0.496826171875 -0.01812744140625 0.220703125 -1.45404052734375 0.30511474609375 -0.8271484375 
0.0 -0.3853759765625 0.09619140625 0.783203125 -0.53125 0.4522705078125 0.373046875 0.80322265625 0.0 -0.80322265625 -0.373046875 -0.4522705078125 0.53125 -0.783203125 -0.09625244140625 0.3853759765625 
-0.345458984375 0.4156494140625 0.49169921875 0.74310302734375 0.559326171875 0.7769775390625 0.3538818359375 -0.45819091796875 0.541259765625 -0.45819091796875 0.3538818359375 0.7769775390625 0.559326171875 0.74310302734375 0.49169921875 0.4156494140625 
0.0 -0.72991943359375 -0.85107421875 2.3912353515625 -0.571533203125 -0.33978271484375 0.3043212890625 -0.46820068359375 0.0 0.4681396484375 -0.30438232421875 0.3397216796875 0.571533203125 -2.39129638671875 0.85101318359375 0.7298583984375 
0.1900634765625 -0.4027099609375 0.57061767578125 -0.37774658203125 -1.34771728515625 -0.03375244140625 -0.63909912109375 0.03802490234375 2.61102294921875 0.0380859375 -0.63909912109375 -0.03375244140625 -1.34771728515625 -0.37774658203125 0.57061767578125 -0.4027099609375 
0.0 -0.298828125 0.80078125 1.27239990234375 -0.296875 -0.9320068359375 0.83685302734375 0.4742431640625 0.0 -0.47430419921875 -0.83685302734375 0.93194580078125 0.296875 -1.2724609375 -0.80078125 0.2987060546875 
0.69207763671875 -1.15826416015625 -0.46905517578125 0.26312255859375 0.2574462890625 1.1800537109375 1.18609619140625 0.938720703125 0.074951171875 0.938720703125 1.18609619140625 1.18011474609375 0.2574462890625 0.26318359375 -0.46905517578125 -1.15826416015625 
0.0 0.4290771484375 0.203857421875 -0.4193115234375 0.07135009765625 -0.3604736328125 1.3671875 -0.42529296875 0.0 0.42523193359375 -1.3671875 0.3604736328125 -0.07135009765625 0.4193115234375 -0.203857421875 -0.4290771484375 
0.56024169921875 0.50341796875 1.3369140625 -0.5533447265625 0.3035888671875 -0.63079833984375 0.958984375 1.814208984375 -0.2325439453125 1.81427001953125 0.958984375 -0.63079833984375 0.3035888671875 -0.55328369140625 1.3369140625 0.50341796875 
0.0 0.18927001953125 -1.2835693359375 -0.35968017578125 1.1690673828125 0.42791748046875 -0.41729736328125 -0.2877197265625 0.0 0.2877197265625 0.41729736328125 -0.427978515625 -1.1690673828125 0.35968017578125 1.2835693359375 -0.1893310546875 
0.34417724609375 -1.00653076171875 0.88970947265625 -1.0556640625 0.58746337890625 0.244873046875 -0.0404052734375 0.4798583984375 1.4468994140625 0.47991943359375 -0.0404052734375 0.244873046875 0.58746337890625 -1.05560302734375 0.88970947265625 -1.00653076171875 
0.0 -0.2442626953125 1.0911865234375 -1.0211181640625 0.188232421875 0.25946044921875 -1.9234619140625 -1.9090576171875 0.0 1.9090576171875 1.9234619140625 -0.25946044921875 -0.188232421875 1.0211181640625 -1.0911865234375 0.24420166015625 
0.6727294921875 -0.4927978515625 0.85845947265625 0.17413330078125 -0.3974609375 -0.94873046875 0.4315185546875 -0.50042724609375 -2.49169921875 -0.50042724609375 0.4315185546875 -0.94873046875 -0.3974609375 0.17413330078125 0.85845947265625 -0.49273681640625 
0.0 0.1175537109375 0.4404296875 0.16845703125 0.06695556640625 0.865234375 -0.246826171875 0.48828125 0.0 -0.48828125 0.24676513671875 -0.865234375 -0.0670166015625 -0.16845703125 -0.44049072265625 -0.11767578125 
1.2198486328125 -0.41058349609375 1.1317138671875 0.38372802734375 1.1529541015625 -0.27313232421875 -0.16253662109375 -0.04547119140625 0.19921875 -0.04547119140625 -0.16253662109375 -0.27313232421875 1.1529541015625 0.3837890625 1.1317138671875 -0.41058349609375 
0.0 0.0989990234375 0.948974609375 1.01141357421875 0.998046875 0.76824951171875 -0.555419921875 -0.875244140625 0.0 0.875244140625 0.555419921875 -0.76824951171875 -0.998046875 -1.01141357421875 -0.948974609375 -0.09912109375 
2.51202392578125 0.5228271484375 1.31597900390625 -0.53485107421875 -0.6051025390625 0.078125 0.007080078125 -0.2301025390625 0.856201171875 -0.2301025390625 0.007080078125 0.07818603515625 -0.6051025390625 -0.5347900390625 1.31597900390625 0.5228271484375 
0.0 0.22747802734375 0.3414306640625 -0.13348388671875 1.66632080078125 0.271728515625 0.42431640625 -1.7822265625 0.0 1.78216552734375 -0.42431640625 -0.271728515625 -1.6663818359375 0.1334228515625 -0.3414306640625 -0.2275390625 
-0.8802490234375 -0.3348388671875 -0.634033203125 -0.471923828125 1.6715087890625 -0.37957763671875 -0.839111328125 0.0377197265625 1.21484375 0.0377197265625 -0.839111328125 -0.37957763671875 1.6715087890625 -0.471923828125 -0.634033203125 -0.3348388671875 
0.0 -0.01776123046875 0.52032470703125 0.285400390625 -1.0679931640625 0.64581298828125 -0.28070068359375 -0.29296875 0.0 0.29296875 0.28070068359375 -0.64581298828125 1.06793212890625 -0.285400390625 -0.52032470703125 0.01776123046875 
-1.21002197265625 -0.40338134765625 0.31787109375 -1.2373046875 -0.21038818359375 0.474853515625 -0.0245361328125 0.347900390625 0.57623291015625 0.347900390625 -0.0245361328125 0.474853515625 -0.21038818359375 -1.23724365234375 0.31787109375 -0.40338134765625 
0.0 1.6146240234375 -0.0902099609375 -0.35052490234375 -1.38262939453125 -0.5968017578125 -0.49359130859375 0.7095947265625 0.0 -0.7095947265625 0.4935302734375 0.5968017578125 1.38262939453125 0.3504638671875 0.0902099609375 -1.6146240234375 
-1.301513671875 -1.06427001953125 -0.106201171875 -0.3880615234375 -0.4571533203125 1.42803955078125 0.533935546875 0.92498779296875 -1.20916748046875 0.92498779296875 0.533935546875 1.42803955078125 -0.4571533203125 -0.3880615234375 -0.106201171875 -1.06427001953125 
0.0 -0.81585693359375 -0.0811767578125 -0.418212890625 0.52789306640625 0.64862060546875 -0.33709716796875 0.7913818359375 0.0 -0.7913818359375 0.33709716796875 -0.648681640625 -0.5279541015625 0.418212890625 0.0811767578125 0.81585693359375 
-0.0216064453125 1.433837890625 -0.283447265625 0.87451171875 -0.66180419921875 -0.0987548828125 0.57525634765625 -0.5841064453125 1.21856689453125 -0.5841064453125 0.57525634765625 -0.0987548828125 -0.66180419921875 0.87451171875 -0.283447265625 1.43389892578125 
0.0 -1.63739013671875 -0.23504638671875 -0.5120849609375 -0.04901123046875 0.4351806640625 -0.6500244140625 0.60894775390625 0.0 -0.60894775390625 0.6500244140625 -0.4351806640625 0.04901123046875 0.5120849609375 0.23504638671875 1.6373291015625 
-0.8896484375 0.01226806640625 -1.3819580078125 -0.9869384765625 0.4151611328125 0.11907958984375 -0.4078369140625 0.54541015625 -0.7327880859375 0.54541015625 -0.4078369140625 0.1190185546875 0.4151611328125 -0.9869384765625 -1.3819580078125 0.01226806640625 
0.0 0.0201416015625 -1.88702392578125 0.34033203125 0.81072998046875 1.27813720703125 -0.4312744140625 1.1048583984375 0.0 -1.1048583984375 0.4312744140625 -1.2781982421875 -0.810791015625 -0.34033203125 1.88702392578125 -0.0201416015625 
-1.3642578125 0.30291748046875 -0.059326171875 -0.04803466796875 -1.6983642578125 -1.13067626953125 0.1097412109375 0.09246826171875 -0.48089599609375 0.09246826171875 0.1097412109375 -1.13067626953125 -1.6983642578125 -0.04803466796875 -0.059326171875 0.30291748046875 
0.0 -0.63226318359375 2.38525390625 0.00439453125 0.5595703125 0.2171630859375 0.091796875 -0.3892822265625 0.0 0.38922119140625 -0.091796875 -0.2171630859375 -0.5595703125 -0.00439453125 -2.38525390625 0.6322021484375 
-0.7586669921875 1.04302978515625 0.596435546875 -0.24603271484375 -0.7669677734375 -0.28759765625 -0.11053466796875 0.8773193359375 0.51123046875 0.8773193359375 -0.11053466796875 -0.28759765625 -0.7669677734375 -0.24603271484375 0.596435546875 1.04302978515625 
0.0 1.5274658203125 -0.10906982421875 1.0819091796875 -0.366455078125 -0.467041015625 0.47705078125 1.120361328125 0.0 -1.12042236328125 -0.47705078125 0.467041015625 0.36639404296875 -1.0819091796875 0.10906982421875 -1.52752685546875 
-1.49468994140625 0.047119140625 -0.37939453125 0.4608154296875 1.0924072265625 -0.99688720703125 -1.353271484375 0.0679931640625 0.47344970703125 0.0679931640625 -1.353271484375 -0.99688720703125 1.0924072265625 0.4608154296875 -0.37939453125 0.04718017578125 
0.0 0.15185546875 0.234375 1.5352783203125 -1.3753662109375 0.0260009765625 -0.552978515625 -1.16827392578125 0.0 1.16827392578125 0.55291748046875 -0.026123046875 1.3753662109375 -1.5352783203125 -0.234375 -0.15191650390625 
-0.9951171875 0.25909423828125 0.97869873046875 -0.9486083984375 0.2032470703125 -1.64508056640625 -0.87237548828125 -0.32476806640625 -0.04400634765625 -0.32476806640625 -0.87237548828125 -1.64508056640625 0.2032470703125 -0.9486083984375 0.97869873046875 0.25909423828125 
0.0 0.8165283203125 1.704833984375 -0.43402099609375 0.62213134765625 -0.70904541015625 0.25592041015625 -0.251953125 0.0 0.251953125 -0.25592041015625 0.70904541015625 -0.62213134765625 0.43402099609375 -1.704833984375 -0.8165283203125 
0.21112060546875 -0.43505859375 -0.19091796875 0.99951171875 1.32061767578125 0.4739990234375 -0.98236083984375 0.60003662109375 -0.99713134765625 0.60003662109375 -0.98236083984375 0.4739990234375 1.32061767578125 0.99951171875 -0.19091796875 -0.43505859375 
0.0 -0.5634765625 0.6708984375 -1.154541015625 -1.19580078125 -0.72442626953125 -0.0457763671875 0.3720703125 0.0 -0.3720703125 0.04571533203125 0.724365234375 1.19580078125 1.154541015625 -0.67095947265625 0.5634765625 
0.902099609375 -0.51513671875 -0.86590576171875 0.24151611328125 -0.09747314453125 0.8629150390625 0.39373779296875 1.622314453125 1.81805419921875 1.622314453125 0.39373779296875 0.8629150390625 -0.09747314453125 0.24151611328125 -0.86590576171875 -0.51513671875 
0.0 -0.91339111328125 -0.14208984375 -0.017333984375 0.066650390625 -0.22119140625 1.088623046875 -1.33258056640625 0.0 1.33258056640625 -1.088623046875 0.22119140625 -0.066650390625 0.017333984375 0.14208984375 0.91339111328125 
1.7537841796875 0.56787109375 0.97222900390625 -1.024169921875 -0.3594970703125 0.2283935546875 0.36981201171875 -0.94549560546875 -0.23858642578125 -0.94549560546875 0.36981201171875 0.2283935546875 -0.3594970703125 -1.024169921875 0.97222900390625 0.56787109375 
0.0 -0.541748046875 0.17852783203125 0.11187744140625 0.5927734375 -1.76544189453125 0.86614990234375 0.348388671875 0.0 -0.348388671875 -0.86614990234375 1.76544189453125 -0.5927734375 -0.11187744140625 -0.17852783203125 0.54168701171875 
-0.25836181640625 -1.09423828125 -0.253173828125 0.48870849609375 1.98809814453125 0.79583740234375 -0.40606689453125 0.119140625 1.60174560546875 0.119140625 -0.40606689453125 0.79583740234375 1.98809814453125 0.48870849609375 -0.253173828125 -1.09423828125 
0.0 -2.104736328125 0.79400634765625 -0.88525390625 0.71905517578125 0.07574462890625 -0.31353759765625 -0.60516357421875 0.0 0.60516357421875 0.3134765625 -0.0758056640625 -0.71905517578125 0.88525390625 -0.7940673828125 2.104736328125 
0.31536865234375 -0.78399658203125 0.1639404296875 -0.38623046875 0.4364013671875 1.5343017578125 0.2401123046875 -0.62445068359375 -0.818115234375 -0.62445068359375 0.2401123046875 1.5343017578125 0.4364013671875 -0.38623046875 0.1639404296875 -0.78399658203125 
0.0 0.01776123046875 -0.74005126953125 1.12493896484375 -0.376220703125 -0.9681396484375 0.0328369140625 -0.1871337890625 0.0 0.18707275390625 -0.03289794921875 0.96807861328125 0.376220703125 -1.125 0.739990234375 -0.017822265625 
-0.2728271484375 -0.1878662109375 1.13543701171875 -1.0682373046875 -0.533935546875 -0.83447265625 -1.71514892578125 0.41204833984375 1.7008056640625 0.41204833984375 -1.71514892578125 -0.83447265625 -0.533935546875 -1.0682373046875 1.13543701171875 -0.18780517578125 
0.0 -0.6507568359375 -1.09271240234375 -0.3096923828125 -0.3880615234375 -1.50457763671875 0.696044921875 -0.53277587890625 0.0 0.53277587890625 -0.696044921875 1.5045166015625 0.3880615234375 0.3096923828125 1.09271240234375 0.65069580078125 
-0.83489990234375 0.03076171875 -0.72802734375 0.01275634765625 -0.7830810546875 0.2755126953125 1.0782470703125 -0.13519287109375 -3.1546630859375 -0.13519287109375 1.0782470703125 0.2755126953125 -0.7830810546875 0.01275634765625 -0.72802734375 0.03076171875 
0.0 0.8892822265625 0.1856689453125 0.8856201171875 0.83782958984375 -0.119873046875 -0.199951171875 0.17303466796875 0.0 -0.17303466796875 0.199951171875 0.11981201171875 -0.83782958984375 -0.8856201171875 -0.1856689453125 -0.88934326171875 
0.2420654296875 0.1097412109375 0.7066650390625 0.057373046875 0.76190185546875 0.1123046875 -2.6766357421875 -1.2923583984375 0.75994873046875 -1.29241943359375 -2.6766357421875 0.1123046875 0.76190185546875 0.057373046875 0.7066650390625 0.10980224609375 
0.0 0.0108642578125 -0.4857177734375 1.221923828125 -0.387939453125 0.2979736328125 -1.44732666015625 -0.1588134765625 0.0 0.1588134765625 1.44732666015625 -0.2979736328125 0.38787841796875 -1.22198486328125 0.4857177734375 -0.01092529296875 
-1.35400390625 -0.1522216796875 -0.1163330078125 -0.236328125 -1.0255126953125 -0.1317138671875 -1.7236328125 0.21380615234375 1.255859375 0.21380615234375 -1.7236328125 -0.1317138671875 -1.0255126953125 -0.236328125 -0.1163330078125 -0.1522216796875 
0.0 0.02716064453125 -0.201904296875 -0.63690185546875 1.63330078125 -0.7447509765625 1.29217529296875 0.1175537109375 0.0 -0.1175537109375 -1.29217529296875 0.7447509765625 -1.63330078125 0.6368408203125 0.201904296875 -0.0272216796875 
-1.571533203125 1.2515869140625 0.30596923828125 -0.4688720703125 0.295166015625 0.6043701171875 0.5865478515625 0.84564208984375 0.002685546875 0.845703125 0.5865478515625 0.6043701171875 0.295166015625 -0.4688720703125 0.30596923828125 1.25164794921875 
0.0 0.32421875 1.177490234375 1.42510986328125 1.24456787109375 -1.38970947265625 0.03662109375 -0.408203125 0.0 0.408203125 -0.03662109375 1.3896484375 -1.24462890625 -1.42510986328125 -1.17755126953125 -0.32421875 
-0.843505859375 0.4190673828125 -0.3062744140625 0.49163818359375 -0.5860595703125 -0.7738037109375 -0.44384765625 -0.9808349609375 0.53863525390625 -0.98077392578125 -0.44384765625 -0.7738037109375 -0.5860595703125 0.49163818359375 -0.3062744140625 0.4190673828125 
0.0 0.5865478515625 -0.98388671875 0.2310791015625 -1.1015625 -0.3192138671875 0.179931640625 -1.88983154296875 0.0 1.889892578125 -0.17999267578125 0.3192138671875 1.10150146484375 -0.2310791015625 0.98388671875 -0.58660888671875 
2.389404296875 -0.1669921875 -0.8907470703125 1.639892578125 -0.3134765625 0.32257080078125 0.1943359375 1.1021728515625 1.19085693359375 1.1021728515625 0.1943359375 0.3226318359375 -0.3134765625 1.63995361328125 -0.8907470703125 -0.1669921875 
0.0 0.16455078125 -0.24267578125 1.25885009765625 -0.217041015625 0.55712890625 0.09185791015625 0.77716064453125 0.0 -0.77716064453125 -0.09185791015625 -0.55712890625 0.217041015625 -1.2589111328125 0.24261474609375 -0.16455078125 
0.49951171875 0.9150390625 0.6253662109375 -0.44830322265625 0.65386962890625 -1.27734375 0.79803466796875 0.57086181640625 1.675537109375 0.5709228515625 0.79803466796875 -1.27734375 0.65386962890625 -0.4482421875 0.6253662109375 0.91510009765625 
0.0 0.49334716796875 0.46209716796875 -1.41064453125 -1.5115966796875 -0.738525390625 0.9613037109375 -1.00433349609375 0.0 1.0042724609375 -0.9613037109375 0.73846435546875 1.51153564453125 1.41064453125 -0.46209716796875 -0.493408203125 
2.1253662109375 2.00396728515625 0.54473876953125 -1.33349609375 -0.3231201171875 -0.134765625 0.5836181640625 -0.003662109375 -0.953369140625 -0.003662109375 0.5836181640625 -0.134765625 -0.3231201171875 -1.33349609375 0.54473876953125 2.00396728515625 
0.0 -1.4581298828125 1.0562744140625 0.54132080078125 -0.6806640625 -0.33111572265625 0.2728271484375 -0.2513427734375 0.0 0.2513427734375 -0.2728271484375 0.33111572265625 0.68060302734375 -0.5413818359375 -1.0562744140625 1.4581298828125 
-0.212890625 0.5252685546875 -0.7760009765625 -1.10430908203125 0.97705078125 -0.4088134765625 0.8814697265625 -1.1683349609375 -0.5001220703125 -1.1683349609375 0.8814697265625 -0.4088134765625 0.97705078125 -1.10430908203125 -0.7760009765625 0.5252685546875 
0.0 0.06689453125 -0.3905029296875 -0.08990478515625 -0.5439453125 -1.46246337890625 -1.4498291015625 0.513427734375 0.0 -0.513427734375 1.4498291015625 1.46240234375 0.5439453125 0.08990478515625 0.3905029296875 -0.06689453125 
0.735107421875 -1.32513427734375 0.4713134765625 -1.3778076171875 0.3359375 0.32843017578125 0.18115234375 0.3851318359375 0.3924560546875 0.3851318359375 0.18115234375 0.32843017578125 0.3359375 -1.3778076171875 0.4713134765625 -1.32513427734375 
0.0 -0.78045654296875 -0.50994873046875 -0.0035400390625 -1.2042236328125 -0.0848388671875 1.327392578125 -0.53509521484375 0.0 0.53509521484375 -1.327392578125 0.0848388671875 1.20416259765625 0.0035400390625 0.5098876953125 0.7803955078125 
-1.296630859375 0.94989013671875 0.07373046875 -0.91351318359375 -0.2593994140625 1.1063232421875 1.06317138671875 0.6400146484375 0.46759033203125 0.64007568359375 1.06317138671875 1.1063232421875 -0.2593994140625 -0.9134521484375 0.07373046875 0.949951171875 
0.0 -1.68975830078125 0.8720703125 -1.3028564453125 -0.1063232421875 -0.25213623046875 0.565185546875 0.4615478515625 0.0 -0.4615478515625 -0.565185546875 0.25213623046875 0.1063232421875 1.3028564453125 -0.8720703125 1.689697265625 
-1.8746337890625 0.8983154296875 -0.26068115234375 -0.1229248046875 -0.2857666015625 -0.708984375 -0.96142578125 -0.72906494140625 -0.21746826171875 -0.72906494140625 -0.96142578125 -0.708984375 -0.2857666015625 -0.12286376953125 -0.26068115234375 0.89837646484375 
0.0 -0.3646240234375 -0.228759765625 -0.634521484375 -0.5384521484375 0.256103515625 -1.23687744140625 -0.8182373046875 0.0 0.8182373046875 1.23687744140625 -0.256103515625 0.53839111328125 0.63446044921875 0.228759765625 0.36456298828125 
0.82421875 0.26788330078125 0.642822265625 -0.95343017578125 -0.001220703125 0.3250732421875 0.2086181640625 0.01812744140625 0.5245361328125 0.01812744140625 0.2086181640625 0.3250732421875 -0.001220703125 -0.95343017578125 0.642822265625 0.26788330078125 
0.0 0.57501220703125 1.1776123046875 -1.6802978515625 1.1221923828125 -0.08203125 -0.609619140625 -0.81561279296875 0.0 0.81561279296875 0.60955810546875 0.08197021484375 -1.1221923828125 1.68023681640625 -1.1776123046875 -0.57501220703125 
-1.92236328125 0.48046875 -0.83367919921875 -0.0628662109375 0.077880859375 0.76019287109375 0.2774658203125 -1.267333984375 -1.5755615234375 -1.267333984375 0.2774658203125 0.76025390625 0.077880859375 -0.0628662109375 -0.83367919921875 0.48046875 
0.0 -0.922607421875 -0.13909912109375 0.724853515625 0.4366455078125 -0.9088134765625 -0.55169677734375 -0.197509765625 0.0 0.197509765625 0.55169677734375 0.9088134765625 -0.4366455078125 -0.724853515625 0.13909912109375 0.922607421875 
-0.7572021484375 0.25811767578125 -0.52227783203125 -0.50872802734375 0.52587890625 0.486083984375 -0.05316162109375 1.37701416015625 -0.7010498046875 1.37701416015625 -0.05316162109375 0.486083984375 0.52587890625 -0.50872802734375 -0.52227783203125 0.25811767578125 
0.0 -0.2008056640625 0.477783203125 0.31292724609375 1.25439453125 0.3597412109375 -0.570556640625 -0.4373779296875 0.0 0.4373779296875 0.570556640625 -0.3597412109375 -1.25439453125 -0.31292724609375 -0.477783203125 0.2008056640625 
0.37847900390625 0.65570068359375 -0.4476318359375 0.4637451171875 -0.06390380859375 -0.4793701171875 -0.5867919921875 -1.756103515625 -0.958251953125 -1.756103515625 -0.5867919921875 -0.4793701171875 -0.06390380859375 0.4637451171875 -0.4476318359375 0.65570068359375 
0.0 -0.37908935546875 -0.9610595703125 -0.9097900390625 1.3134765625 0.544677734375 -0.2841796875 0.062744140625 0.0 -0.062744140625 0.2841796875 -0.544677734375 -1.3134765625 0.90972900390625 0.9610595703125 0.3790283203125 
-0.229248046875 0.16278076171875 0.457763671875 -0.290283203125 -1.9425048828125 0.02728271484375 0.04168701171875 0.67333984375 -1.139404296875 0.67333984375 0.041748046875 0.02728271484375 -1.9425048828125 -0.290283203125 0.457763671875 0.162841796875 
0.0 -1.0555419921875 0.696044921875 -1.27227783203125 -2.8369140625 0.3985595703125 0.27490234375 0.30218505859375 0.0 -0.30218505859375 -0.27490234375 -0.3985595703125 2.83685302734375 1.27227783203125 -0.69610595703125 1.0555419921875 
-1.7725830078125 -0.32269287109375 0.83367919921875 1.5225830078125 0.136474609375 0.881591796875 -0.6114501953125 0.18133544921875 -0.810791015625 0.181396484375 -0.6114501953125 0.881591796875 0.136474609375 1.5225830078125 0.83367919921875 -0.3226318359375 
0.0 -0.9688720703125 -0.7015380859375 0.6373291015625 -0.72802734375 -0.68585205078125 -0.3973388671875 0.09735107421875 0.0 -0.097412109375 0.3973388671875 0.685791015625 0.72796630859375 -0.63726806640625 0.7015380859375 0.96881103515625 
-1.287109375 -0.2169189453125 0.49212646484375 0.31036376953125 0.3309326171875 0.4390869140625 0.61492919921875 0.3475341796875 1.9376220703125 0.3475341796875 0.61492919921875 0.4390869140625 0.3309326171875 0.31036376953125 0.49212646484375 -0.2169189453125 
0.0 -1.05194091796875 1.9644775390625 -0.00408935546875 1.05877685546875 -0.486083984375 -0.591552734375 0.225830078125 0.0 -0.225830078125 0.59149169921875 0.486083984375 -1.058837890625 0.0040283203125 -1.96453857421875 1.05194091796875 
-1.1531982421875 -1.09954833984375 -0.40093994140625 0.22698974609375 -0.837890625 -0.8765869140625 -0.736328125 0.04595947265625 2.3236083984375 0.04595947265625 -0.736328125 -0.8765869140625 -0.837890625 0.22698974609375 -0.40093994140625 -1.09954833984375 
0.0 -0.03790283203125 1.0106201171875 -1.3272705078125 0.4937744140625 0.12744140625 -0.13916015625 -0.24395751953125 0.0 0.243896484375 0.13916015625 -0.12750244140625 -0.4937744140625 1.3272705078125 -1.0106201171875 0.037841796875 
-1.27935791015625 0.27606201171875 -0.3138427734375 0.271240234375 0.409423828125 0.476806640625 -0.9002685546875 0.16552734375 0.1524658203125 0.16552734375 -0.9002685546875 0.476806640625 0.409423828125 0.271240234375 -0.3138427734375 0.27606201171875 
0.0 -1.019775390625 -0.4293212890625 1.2620849609375 0.567626953125 0.612548828125 0.19537353515625 0.4810791015625 0.0 -0.4810791015625 -0.1954345703125 -0.612548828125 -0.567626953125 -1.2620849609375 0.4293212890625 1.019775390625 
1.03155517578125 -1.12689208984375 -0.54193115234375 -0.3028564453125 -0.14215087890625 -0.07904052734375 -0.71807861328125 -1.48870849609375 1.6422119140625 -1.48870849609375 -0.71807861328125 -0.07904052734375 -0.14215087890625 -0.3028564453125 -0.54193115234375 -1.12689208984375 
0.0 -0.03173828125 0.95330810546875 -1.03704833984375 0.34747314453125 0.54718017578125 2.1461181640625 0.1522216796875 0.0 -0.1522216796875 -2.1461181640625 -0.54718017578125 -0.34747314453125 1.03704833984375 -0.95330810546875 0.03173828125 
0.39288330078125 -1.21697998046875 1.14276123046875 1.23583984375 0.77655029296875 0.51947021484375 0.28955078125 -1.548583984375 0.07861328125 -1.548583984375 0.28955078125 0.51947021484375 0.77655029296875 1.23583984375 1.14276123046875 -1.21697998046875 
0.0 -1.167724609375 0.50091552734375 0.427978515625 1.18084716796875 -0.75897216796875 0.366455078125 0.54278564453125 0.0 -0.5428466796875 -0.366455078125 0.7589111328125 -1.180908203125 -0.42803955078125 -0.50091552734375 1.16766357421875 
-1.0638427734375 0.0660400390625 0.4215087890625 0.19293212890625 0.427001953125 -0.27239990234375 1.83392333984375 -1.55877685546875 -0.541748046875 -1.55877685546875 1.83392333984375 -0.27239990234375 0.427001953125 0.19293212890625 0.4215087890625 0.0660400390625 
0.0 -0.8411865234375 -0.08984375 -0.80096435546875 -0.1309814453125 -1.229248046875 -1.4468994140625 0.00628662109375 0.0 -0.00634765625 1.4468994140625 1.229248046875 0.13092041015625 0.8009033203125 0.08984375 0.84112548828125 
1.250244140625 -0.93524169921875 -1.0225830078125 -1.55340576171875 0.2103271484375 -0.14697265625 -0.48406982421875 -0.383544921875 1.76971435546875 -0.383544921875 -0.48406982421875 -0.14691162109375 0.2103271484375 -1.55340576171875 -1.0225830078125 -0.9351806640625 
0.0 -1.38909912109375 -0.392822265625 -0.4642333984375 -1.256103515625 1.0174560546875 -0.660400390625 -0.6708984375 0.0 0.6708984375 0.660400390625 -1.01751708984375 1.25604248046875 0.4642333984375 0.392822265625 1.3890380859375 
-2.08160400390625 0.36029052734375 -0.0687255859375 -0.611572265625 -0.3397216796875 -0.3074951171875 1.003173828125 0.67791748046875 0.94158935546875 0.67791748046875 1.003173828125 -0.3074951171875 -0.3397216796875 -0.611572265625 -0.0687255859375 0.36029052734375 
0.0 -0.56402587890625 0.0111083984375 -0.6197509765625 0.31793212890625 0.292724609375 -0.37054443359375 -0.83599853515625 0.0 0.83599853515625 0.37054443359375 -0.292724609375 -0.3179931640625 0.61968994140625 -0.0111083984375 0.56402587890625 
-0.142822265625 -1.74871826171875 -0.017333984375 -0.9683837890625 -0.5255126953125 -0.069580078125 -0.48907470703125 1.10662841796875 -0.475341796875 1.10662841796875 -0.48907470703125 -0.069580078125 -0.5255126953125 -0.9683837890625 -0.017333984375 -1.74871826171875 
0.0 1.086181640625 -0.44342041015625 0.6978759765625 0.71954345703125 -1.26849365234375 -0.22705078125 1.09075927734375 0.0 -1.0908203125 0.22698974609375 1.2684326171875 -0.7196044921875 -0.69793701171875 0.443359375 -1.08624267578125 
1.6219482421875 0.2694091796875 0.0068359375 -0.08984375 0.6949462890625 0.53717041015625 -0.78179931640625 0.080078125 -0.5257568359375 0.080078125 -0.78179931640625 0.53717041015625 0.6949462890625 -0.08984375 0.0068359375 0.2694091796875 
0.0 -1.86822509765625 0.202880859375 0.49554443359375 0.47027587890625 0.5458984375 2.12841796875 0.0528564453125 0.0 -0.05291748046875 -2.12841796875 -0.54595947265625 -0.4703369140625 -0.49560546875 -0.20294189453125 1.8681640625 
-0.31903076171875 -0.94842529296875 -0.559326171875 0.11566162109375 -1.08135986328125 -0.80413818359375 -0.5155029296875 -0.14483642578125 0.46954345703125 -0.14483642578125 -0.5155029296875 -0.80413818359375 -1.08135986328125 0.11566162109375 -0.559326171875 -0.94842529296875 
0.0 -0.52197265625 1.2122802734375 -1.08746337890625 0.04351806640625 -1.702880859375 -0.85595703125 -0.74029541015625 0.0 0.740234375 0.85595703125 1.702880859375 -0.04351806640625 1.08740234375 -1.2122802734375 0.52191162109375 
1.281982421875 0.77703857421875 0.83642578125 -0.56781005859375 0.3656005859375 1.13958740234375 -0.16546630859375 1.02642822265625 -0.61944580078125 1.02642822265625 -0.16546630859375 1.13958740234375 0.3656005859375 -0.56781005859375 0.83642578125 0.77703857421875 
0.0 1.06719970703125 -0.43408203125 -0.1700439453125 0.63616943359375 0.6627197265625 2.4256591796875 0.35736083984375 0.0 -0.35736083984375 -2.4256591796875 -0.6627197265625 -0.63616943359375 0.1700439453125 0.43408203125 -1.06719970703125 
2.54425048828125 0.48388671875 0.85797119140625 -0.6710205078125 0.21734619140625 -0.61138916015625 -0.1485595703125 1.4012451171875 -1.3228759765625 1.4012451171875 -0.1485595703125 -0.61138916015625 0.21734619140625 -0.6710205078125 0.85797119140625 0.48388671875 
0.0 0.5452880859375 -0.3311767578125 -0.286376953125 0.76177978515625 0.6231689453125 -0.025390625 -0.2755126953125 0.0 0.27545166015625 0.025390625 -0.62322998046875 -0.76177978515625 0.28631591796875 0.33111572265625 -0.5452880859375 
-0.44384765625 -0.47967529296875 -0.5010986328125 -1.1202392578125 -0.939453125 0.98895263671875 0.4425048828125 -1.1810302734375 -0.94342041015625 -1.1810302734375 0.4425048828125 0.98895263671875 -0.939453125 -1.12017822265625 -0.5010986328125 -0.47967529296875 
0.0 0.3145751953125 0.6842041015625 0.04736328125 -0.073486328125 -1.08367919921875 -0.84100341796875 -0.09283447265625 0.0 0.09283447265625 0.8409423828125 1.08367919921875 0.07342529296875 -0.04736328125 -0.68426513671875 -0.3145751953125 
-0.26544189453125 1.07257080078125 -0.87506103515625 1.371826171875 0.335693359375 0.7742919921875 -1.0830078125 -0.531005859375 1.35980224609375 -0.53094482421875 -1.08294677734375 0.7742919921875 0.335693359375 1.371826171875 -0.87506103515625 1.0726318359375 
0.0 -0.28717041015625 -0.216552734375 -1.2596435546875 -1.1412353515625 -0.53509521484375 -0.008056640625 1.58624267578125 0.0 -1.58624267578125 0.008056640625 0.5350341796875 1.14117431640625 1.25970458984375 0.216552734375 0.287109375 
-1.03314208984375 -0.76141357421875 -0.4947509765625 0.26617431640625 0.31768798828125 -0.37884521484375 -0.94622802734375 1.29217529296875 2.3209228515625 1.29217529296875 -0.94622802734375 -0.37884521484375 0.31768798828125 0.26617431640625 -0.4947509765625 -0.76141357421875 
0.0 -1.22894287109375 0.78216552734375 -0.97564697265625 -0.6163330078125 0.773681640625 0.24688720703125 -0.87835693359375 0.0 0.8782958984375 -0.2469482421875 -0.773681640625 0.6163330078125 0.97564697265625 -0.7822265625 1.2288818359375 
-0.0941162109375 -0.788818359375 -0.2945556640625 0.2252197265625 1.84930419921875 -0.362548828125 -0.9586181640625 1.031005859375 0.38031005859375 1.031005859375 -0.9586181640625 -0.362548828125 1.84930419921875 0.2252197265625 -0.2945556640625 -0.788818359375 
0.0 -0.43310546875 -0.3541259765625 -1.20013427734375 0.32720947265625 -0.22918701171875 -0.1783447265625 -0.0853271484375 0.0 0.08526611328125 0.17828369140625 0.22918701171875 -0.32720947265625 1.20013427734375 0.35406494140625 0.43304443359375 
-1.4571533203125 -1.23614501953125 -0.3355712890625 0.17364501953125 0.212646484375 0.4853515625 -1.16949462890625 -0.01910400390625 -1.00006103515625 -0.01910400390625 -1.16949462890625 0.48541259765625 0.212646484375 0.17364501953125 -0.3355712890625 -1.23614501953125 
0.0 -0.4639892578125 0.65069580078125 -0.99298095703125 0.69122314453125 1.6856689453125 -0.64630126953125 -1.1151123046875 0.0 1.11505126953125 0.646240234375 -1.6856689453125 -0.69122314453125 0.992919921875 -0.6507568359375 0.46392822265625 
1.58966064453125 0.87969970703125 0.5498046875 0.34344482421875 -0.23419189453125 -1.38616943359375 1.289794921875 1.24462890625 0.35491943359375 1.24462890625 1.289794921875 -1.38616943359375 -0.23419189453125 0.34344482421875 0.5498046875 0.87969970703125 
0.0 -1.0384521484375 -0.97900390625 1.0589599609375 0.10516357421875 -0.2908935546875 -0.08380126953125 -0.41259765625 0.0 0.41259765625 0.08380126953125 0.29083251953125 -0.105224609375 -1.0589599609375 0.97900390625 1.0384521484375 
1.453125 -0.1376953125 -0.72320556640625 -0.01629638671875 0.237060546875 -0.43096923828125 0.0252685546875 1.4215087890625 -0.24700927734375 1.4215087890625 0.0252685546875 -0.430908203125 0.237060546875 -0.0162353515625 -0.72320556640625 -0.1376953125 
0.0 -0.5057373046875 -0.35089111328125 0.37890625 1.0750732421875 -0.470703125 -0.557861328125 -1.0872802734375 0.0 1.08721923828125 0.55792236328125 0.47064208984375 -1.0750732421875 -0.3790283203125 0.350830078125 0.50567626953125 
-0.89678955078125 -0.5653076171875 0.74957275390625 -0.50750732421875 -0.888427734375 0.94683837890625 0.34912109375 0.6868896484375 -1.46868896484375 0.6868896484375 0.34912109375 0.94683837890625 -0.888427734375 -0.50750732421875 0.74957275390625 -0.5653076171875 
0.0 -0.507080078125 -0.052734375 0.07464599609375 -0.5455322265625 -0.2105712890625 -1.73858642578125 -0.8502197265625 0.0 0.85015869140625 1.73858642578125 0.2105712890625 0.5455322265625 -0.07470703125 0.052734375 0.507080078125 
-1.05926513671875 -0.1761474609375 0.099853515625 0.1201171875 0.869873046875 -0.8812255859375 0.01300048828125 0.7764892578125 1.05816650390625 0.7764892578125 0.01300048828125 -0.8812255859375 0.869873046875 0.1201171875 0.099853515625 -0.1761474609375 
0.0 0.0093994140625 0.7547607421875 1.06427001953125 0.37078857421875 -0.52581787109375 -0.0115966796875 -1.419921875 0.0 1.419921875 0.0115966796875 0.52581787109375 -0.37078857421875 -1.06427001953125 -0.75482177734375 -0.0093994140625 
1.10430908203125 -0.18212890625 0.4725341796875 0.29754638671875 0.64093017578125 -0.58953857421875 1.0037841796875 -0.181640625 -0.22833251953125 -0.181640625 1.0037841796875 -0.58953857421875 0.64093017578125 0.29754638671875 0.4725341796875 -0.18212890625 
0.0 -0.8740234375 0.82269287109375 -0.70196533203125 -1.404296875 -0.8807373046875 -0.1939697265625 1.6629638671875 0.0 -1.6629638671875 0.1939697265625 0.8807373046875 1.40423583984375 0.70196533203125 -0.82275390625 0.87396240234375 
-1.625244140625 0.8663330078125 0.56103515625 -1.794189453125 -1.13720703125 -0.708251953125 0.1495361328125 -0.40264892578125 -1.2542724609375 -0.40264892578125 0.1495361328125 -0.708251953125 -1.13720703125 -1.794189453125 0.56103515625 0.8663330078125 
0.0 -0.4779052734375 -0.4761962890625 -1.279296875 0.222412109375 -0.36981201171875 0.115478515625 -0.008544921875 0.0 0.00848388671875 -0.11553955078125 0.36981201171875 -0.222412109375 1.27923583984375 0.47613525390625 0.477783203125 
-1.23406982421875 1.244384765625 -0.94342041015625 0.39111328125 0.4146728515625 -0.119873046875 1.35888671875 0.2557373046875 0.12359619140625 0.2557373046875 1.35888671875 -0.119873046875 0.4146728515625 0.39111328125 -0.94342041015625 1.244384765625 
0.0 -0.38677978515625 -2.1434326171875 -1.3465576171875 0.08514404296875 0.005859375 0.3802490234375 -0.18310546875 0.0 0.18310546875 -0.3802490234375 -0.005859375 -0.085205078125 1.3465576171875 2.1434326171875 0.38671875 
2.3402099609375 0.0347900390625 -0.7490234375 -1.1473388671875 -0.55767822265625 -0.98779296875 -0.694580078125 -0.80352783203125 1.0069580078125 -0.803466796875 -0.694580078125 -0.98779296875 -0.55767822265625 -1.1473388671875 -0.7490234375 0.0347900390625 
0.0 -0.4068603515625 -0.5909423828125 1.47509765625 1.25299072265625 0.50079345703125 0.1363525390625 -0.1002197265625 0.0 0.10028076171875 -0.1363525390625 -0.5008544921875 -1.25299072265625 -1.47509765625 0.59088134765625 0.40679931640625 
0.13104248046875 0.25909423828125 -1.40380859375 1.22509765625 -0.6046142578125 -0.6097412109375 -1.604248046875 -0.59661865234375 0.4803466796875 -0.5965576171875 -1.604248046875 -0.6097412109375 -0.6046142578125 1.22509765625 -1.40380859375 0.2591552734375 
0.0 0.40789794921875 -0.68170166015625 0.961181640625 0.29400634765625 -0.41015625 -0.55255126953125 -0.940185546875 0.0 0.940185546875 0.552490234375 0.41015625 -0.2940673828125 -0.961181640625 0.681640625 -0.407958984375 
0.97418212890625 0.4603271484375 -0.17340087890625 1.3900146484375 -0.53790283203125 0.5836181640625 0.4212646484375 0.3489990234375 -0.84136962890625 0.3489990234375 0.4212646484375 0.5836181640625 -0.53790283203125 1.3900146484375 -0.17340087890625 0.4603271484375 
0.0 -1.02838134765625 -0.1373291015625 0.193359375 0.11309814453125 0.390625 0.7005615234375 1.8515625 0.0 -1.8515625 -0.7005615234375 -0.39068603515625 -0.11309814453125 -0.19329833984375 0.1373291015625 1.02838134765625 
-0.9739990234375 -1.0023193359375 -0.309326171875 0.5750732421875 1.497314453125 -0.23992919921875 1.0699462890625 -0.75244140625 1.14093017578125 -0.75244140625 1.0699462890625 -0.23992919921875 1.497314453125 0.5750732421875 -0.309326171875 -1.0023193359375 
0.0 -0.28594970703125 0.310791015625 -0.91571044921875 -0.2176513671875 0.25762939453125 -0.325927734375 -1.03082275390625 0.0 1.03076171875 0.325927734375 -0.25762939453125 0.2176513671875 0.91571044921875 -0.310791015625 0.285888671875 
1.89825439453125 0.674560546875 -0.38677978515625 0.50177001953125 -0.1171875 -1.2518310546875 0.177734375 -0.9686279296875 0.917724609375 -0.9686279296875 0.177734375 -1.2518310546875 -0.1171875 0.50177001953125 -0.38677978515625 0.674560546875 
0.0 0.43359375 0.1368408203125 1.162109375 -0.2689208984375 -0.7469482421875 0.680908203125 -0.83441162109375 0.0 0.8343505859375 -0.680908203125 0.7469482421875 0.2689208984375 -1.162109375 -0.13690185546875 -0.43359375 
-1.96099853515625 -0.1358642578125 -0.42926025390625 0.5521240234375 0.24224853515625 0.20001220703125 -1.58074951171875 -0.58154296875 -1.042236328125 -0.58154296875 -1.58074951171875 0.20001220703125 0.24224853515625 0.5521240234375 -0.42926025390625 -0.1358642578125 
0.0 -0.12335205078125 1.43634033203125 -1.04571533203125 1.00177001953125 0.3739013671875 0.32086181640625 0.15838623046875 0.0 -0.158447265625 -0.32086181640625 -0.37396240234375 -1.00177001953125 1.045654296875 -1.43634033203125 0.123291015625 
