1.4368672711911628 0.9395602871545473 1.2341487653930248 -0.8382784095417132 -0.7348426185178707 -0.23969811679406094 -0.8050376252151894 0.042550471268771095 -0.8243269843727172 0.042550471268771095 -0.8050376252151894 -0.23969811679406094 -0.7348426185178707 -0.8382784095417132 1.2341487653930248 0.9395602871545473 
-0.0 -0.15245278317110858 1.191577482227408 -0.8882390160134347 -0.743861554981084 -0.13408403298555427 0.836746111824282 0.045404171881900074 -0.0 -0.045404171881900074 -0.836746111824282 0.13408403298555427 0.743861554981084 0.8882390160134347 -1.191577482227408 0.15245278317110858 
-1.8887176384646018 0.4741077688223715 -1.6963331969167674 -0.014986437785291962 -0.7023943917712485 1.556872759486875 1.0436772223972937 -1.1232307260708323 -1.1842226915298588 -1.1232307260708323 1.0436772223972937 1.556872759486875 -0.7023943917712485 -0.014986437785291962 -1.6963331969167674 0.4741077688223715 
-0.0 1.9189428399446573 -0.5273915386872916 0.7033967911518226 1.4368137912973715 -0.10127535898553752 0.43733641228358716 -0.4134949813756412 -0.0 0.4134949813756412 -0.43733641228358716 0.10127535898553752 -1.4368137912973715 -0.7033967911518226 0.5273915386872916 -1.9189428399446573 
-0.3934849414779993 -0.8452309050663044 -0.7033228100217489 -0.3744884085071344 -1.091875816574057 -0.208510030099372 -1.0063134586628566 0.7192724511068384 1.3004001968856762 0.7192724511068384 -1.0063134586628566 -0.208510030099372 -1.091875816574057 -0.3744884085071344 -0.7033228100217489 -0.8452309050663044 
-0.0 0.2316740705199349 0.34607379229021995 1.2531041762975927 0.1304777334935061 -0.17701092887836345 -1.0132238468652432 0.6873393314892222 -0.0 -0.6873393314892222 1.0132238468652432 0.17701092887836345 -0.1304777334935061 -1.2531041762975927 -0.34607379229021995 -0.2316740705199349 
0.6399263327494934 -0.2501857154575539 -0.6383662494141826 -0.496462030176486 -0.5921984898942262 0.03547579833221198 0.8727406749851967 1.2163142006175471 -0.6879823284850705 1.2163142006175471 0.8727406749851967 0.03547579833221198 -0.5921984898942262 -0.496462030176486 -0.6383662494141826 -0.2501857154575539 
-0.0 0.24108802305694824 0.15654442426366721 -0.2067291939890677 -0.3740557337672603 -0.8306960028350658 1.1199073008527254 0.03376523858408989 -0.0 -0.03376523858408989 -1.1199073008527254 0.8306960028350658 0.3740557337672603 0.2067291939890677 -0.15654442426366721 -0.24108802305694824 
-1.0506231030809712 -0.34086421501607256 0.32388344653505624 -1.0606177877891076 0.7645310219078766 0.6783102494138269 -0.6163017856155002 -2.165353211589899 -1.5550448799881833 -2.165353211589899 -0.6163017856155002 0.6783102494138269 0.7645310219078766 -1.0606177877891076 0.32388344653505624 -0.34086421501607256 
-0.0 -1.0467491019005912 1.6938043527374558 -0.09994810502287171 0.7841324743410357 -0.42169517862409284 0.5516106942475925 1.4844916257547078 -0.0 -1.4844916257547078 -0.5516106942475925 0.42169517862409284 -0.7841324743410357 0.09994810502287171 -1.6938043527374558 1.0467491019005912 
-1.3878110046670944 -1.2818486240782325 0.964426359764127 -0.9807691379124408 -0.07395288258487764 -0.1727239286897741 -0.8718233574404225 -0.1411488382297892 -0.9437692187923767 -0.1411488382297892 -0.8718233574404225 -0.1727239286897741 -0.07395288258487764 -0.9807691379124408 0.964426359764127 -1.2818486240782325 
-0.0 1.7652460055192563 0.7408263979027322 0.35010063658711627 0.7531557161644724 0.22497270128654562 -0.5542252166513574 0.14287953460733882 -0.0 -0.14287953460733882 0.5542252166513574 -0.22497270128654562 -0.7531557161644724 -0.35010063658711627 -0.7408263979027322 -1.7652460055192563 
0.18438275401353488 0.018602765364524876 0.3887378015682875 -1.0766438703179873 -0.57927573091476 1.7394000207463685 1.4937669883912044 0.3826896170763193 0.5399494364990193 0.3826896170763193 1.4937669883912044 1.7394000207463685 -0.57927573091476 -1.0766438703179873 0.3887378015682875 0.018602765364524876 
-0.0 0.2321772641274894 -0.29363366726997303 -0.8566232511853171 0.14162683636694473 -0.030292350001171864 0.8945951191235377 -0.6728251568129392 -0.0 0.6728251568129392 -0.8945951191235377 0.030292350001171864 -0.14162683636694473 0.8566232511853171 0.29363366726997303 -0.2321772641274894 
-1.236717223126164 0.838207054862649 0.024366824440219703 -0.42565928197981917 -0.676220089225068 1.9966832162273813 0.8004284446456009 -0.41680406499062395 -0.32927171921800125 -0.41680406499062395 0.8004284446456009 1.9966832162273813 -0.676220089225068 -0.42565928197981917 0.024366824440219703 0.838207054862649 
-0.0 0.8861131979899107 -0.20835791920310193 0.4061196912702705 -0.3767973377078153 -0.6679168369694697 0.6634729663442762 -1.398981301105203 -0.0 1.398981301105203 -0.6634729663442762 0.6679168369694697 0.3767973377078153 -0.4061196912702705 0.20835791920310193 -0.8861131979899107 
0.23639317166420626 -0.9095324600551409 -1.6533544147532286 0.6575073487798633 -0.2811571493734568 -0.37919328788032347 0.791171951810181 -0.19847066315593492 0.7927842820176203 -0.19847066315593492 0.791171951810181 -0.37919328788032347 -0.2811571493734568 0.6575073487798633 -1.6533544147532286 -0.9095324600551409 
-0.0 0.7432478816557685 0.7634802455272758 -0.35116229137325544 0.03137134148081411 0.5161083627340641 -0.6897464589974889 -0.524460235902421 -0.0 0.524460235902421 0.6897464589974889 -0.5161083627340641 -0.03137134148081411 0.35116229137325544 -0.7634802455272758 -0.7432478816557685 
-0.9345235079916792 -0.9090611659541062 -0.9471734487900256 0.734089194145087 0.14276193268909498 -1.027262055451288 0.018947842578390495 1.3817872071765027 1.2737003902772515 1.3817872071765027 0.018947842578390495 -1.027262055451288 0.14276193268909498 0.734089194145087 -0.9471734487900256 -0.9090611659541062 
-0.0 0.018728404111755803 -0.6128634717598554 0.45234501956201517 -0.6752424889520132 0.23531919969970766 -0.4081408655061921 0.7303934709060813 -0.0 -0.7303934709060813 0.4081408655061921 -0.23531919969970766 0.6752424889520132 -0.45234501956201517 0.6128634717598554 -0.018728404111755803 
0.9343591629870124 -0.10904656984486549 0.309060178149382 -0.5391888295923544 -1.1615206935859095 0.011912114619510694 0.010289640903393904 -2.3990444693020985 0.3738608634560986 -2.3990444693020985 0.010289640903393904 0.011912114619510694 -1.1615206935859095 -0.5391888295923544 0.309060178149382 -0.10904656984486549 
-0.0 0.4456037130056977 0.7022528617565669 -0.025627472530890677 0.1237437171810356 -0.034105278667232924 0.6080297112386208 -0.1483331278911361 -0.0 0.1483331278911361 -0.6080297112386208 0.034105278667232924 -0.1237437171810356 0.025627472530890677 -0.7022528617565669 -0.4456037130056977 
0.7562152840755918 0.09315795950475847 0.07914293895751918 0.17477647574265617 1.480186625735383 -0.17274542068642004 0.11827393636797338 -1.4040126036066978 -2.1020019297606973 -1.4040126036066978 0.11827393636797338 -0.17274542068642004 1.480186625735383 0.17477647574265617 0.07914293895751918 0.09315795950475847 
-0.0 0.7254792866357408 -0.11820843982459894 0.5998184576433105 -1.2862356022353723 1.1946494455539949 0.48247105761278164 0.42577893345907236 -0.0 -0.42577893345907236 -0.48247105761278164 -1.1946494455539949 1.2862356022353723 -0.5998184576433105 0.11820843982459894 -0.7254792866357408 
1.996284755731358 0.03184087018657822 -1.111971218682996 0.6489373919732366 -0.4834330153410926 0.09788971366412635 1.2844141698415392 0.6116854193612231 -0.43412483673700697 0.6116854193612231 1.2844141698415392 0.09788971366412635 -0.4834330153410926 0.6489373919732366 -1.111971218682996 0.03184087018657822 
-0.0 0.47090147243586455 0.2014394602700892 -1.6467707492267267 -0.17258866938246542 1.133977435628384 -0.26976512641166706 -0.5442832164184422 -0.0 0.5442832164184422 0.26976512641166706 -1.133977435628384 0.17258866938246542 1.6467707492267267 -0.2014394602700892 -0.47090147243586455 
0.2602243364776209 -0.3448365634567876 -0.13481205092747367 0.3972038615948722 0.18709231127995285 -0.860791808133054 0.3349110253508966 -0.30379690932168535 -1.5876358584128323 -0.30379690932168535 0.3349110253508966 -0.860791808133054 0.18709231127995285 0.3972038615948722 -0.13481205092747367 -0.3448365634567876 
-0.0 1.1765098842497514 -1.2118248534601634 0.0072729992172130414 -0.7803164476032337 0.08069937956879049 1.0587918005976413 0.45739883258879926 -0.0 -0.45739883258879926 -1.0587918005976413 -0.08069937956879049 0.7803164476032337 -0.0072729992172130414 1.2118248534601634 -1.1765098842497514 
0.9488340036084646 -0.5961561091163713 1.5039903856852566 0.44034450662945734 -0.43139546618485003 -0.49045541529078696 0.3813959094079541 -1.2520558616692274 -2.0354656920735996 -1.2520558616692274 0.3813959094079541 -0.49045541529078696 -0.43139546618485003 0.44034450662945734 1.5039903856852566 -0.5961561091163713 
-0.0 -0.44175753105791105 -0.6063706499273309 -0.8934361364819065 0.7019460334427159 -0.1688068561314554 0.5522116813146754 0.6217108689853491 -0.0 -0.6217108689853491 -0.5522116813146754 0.1688068561314554 -0.7019460334427159 0.8934361364819065 0.6063706499273309 0.44175753105791105 
-2.014527189620695 0.022105442016939925 0.9850549527772986 0.28552045080894395 -0.008538561594799265 1.0286542041797937 -1.144540787907438 -0.236564125911709 -0.20100034646870935 -0.236564125911709 -1.144540787907438 1.0286542041797937 -0.008538561594799265 0.28552045080894395 0.9850549527772986 0.022105442016939925 
-0.0 -0.1732613585336278 0.2377570486783499 0.4088720204945418 -0.380560276413201 -0.9191818565001622 -0.00021961127342105813 0.6091014548689475 -0.0 -0.6091014548689475 0.00021961127342105813 0.9191818565001622 0.380560276413201 -0.4088720204945418 -0.2377570486783499 0.1732613585336278 
2.1774245492777817 -0.4215971525603972 0.18832105986999592 -0.5112499132710833 1.5037655481758823 0.9632229349032484 -0.20768898904147426 0.3543069891181677 1.3740714369698501 0.3543069891181677 -0.20768898904147426 0.9632229349032484 1.5037655481758823 -0.5112499132710833 0.18832105986999592 -0.4215971525603972 
-0.0 0.22680089774220785 0.7163149374809012 0.2330078578916736 1.5327884479009146 -0.4890474095272855 -0.8178271901766945 -0.6037719346144621 -0.0 0.6037719346144621 0.8178271901766945 0.4890474095272855 -1.5327884479009146 -0.2330078578916736 -0.7163149374809012 -0.22680089774220785 
1.5861812243717628 0.1321991600320973 0.6343700895640499 -0.45710324316592854 -0.9054430810674822 0.6604798441350384 0.023752998214075505 1.7398429063972192 0.4604988533981772 1.7398429063972192 0.023752998214075505 0.6604798441350384 -0.9054430810674822 -0.45710324316592854 0.6343700895640499 0.1321991600320973 
-0.0 1.55771432952588 0.42975614832965536 -0.21966454577505992 0.3260656608408964 -0.3034657490267261 -0.46825948735350387 1.701803376936865 -0.0 -1.701803376936865 0.46825948735350387 0.3034657490267261 -0.3260656608408964 0.21966454577505992 -0.42975614832965536 -1.55771432952588 
-1.553508772509869 -0.09124065955254956 -0.009738992615118458 -0.7620533913846876 0.5193796322102697 -1.154736548710433 0.41458099895359124 -0.5542643078888695 -0.8206638978455969 -0.5542643078888695 0.41458099895359124 -1.154736548710433 0.5193796322102697 -0.7620533913846876 -0.009738992615118458 -0.09124065955254956 
-0.0 -1.1767404608349126 -1.2571538804269786 -1.4548784263433547 1.094070679153353 -0.5020379185179383 0.016467786276627372 -0.1696031228962881 -0.0 0.1696031228962881 -0.016467786276627372 0.5020379185179383 -1.094070679153353 1.4548784263433547 1.2571538804269786 1.1767404608349126 
3.384734060039367 -0.5462063391646272 0.5538813472065305 -0.1036419215754521 -0.3105353499599752 0.09600103581910785 0.5531602789850714 0.11321300122230193 0.03874868831017175 0.11321300122230193 0.5531602789850714 0.09600103581910785 -0.3105353499599752 -0.1036419215754521 0.5538813472065305 -0.5462063391646272 
-0.0 -1.9073034539680283 -0.10719438139426526 -0.5243025231819092 -0.04343793898827375 -0.08570419937876911 0.2361076226257908 0.10417511052781459 -0.0 -0.10417511052781459 -0.2361076226257908 0.08570419937876911 0.04343793898827375 0.5243025231819092 0.10719438139426526 1.9073034539680283 
1.2054593194183738 0.27827454687836284 -1.3459700154973484 0.18011824196007464 1.473442775454382 0.40369912308334044 -0.05868308593148264 0.16150237244108304 -1.7901799989602685 0.16150237244108304 -0.05868308593148264 0.40369912308334044 1.473442775454382 0.18011824196007464 -1.3459700154973484 0.27827454687836284 
-0.0 0.19573738281474568 -0.2425048395962801 0.2913490280011088 0.6329187738672207 0.6262117871781963 0.029860749475165038 0.8332917762938123 -0.0 -0.8332917762938123 -0.029860749475165038 -0.6262117871781963 -0.6329187738672207 -0.2913490280011088 0.2425048395962801 -0.19573738281474568 
-0.24498363276265622 -0.16227980754997268 -0.004245591829776851 -0.615409467079683 0.41734939462143417 0.2068119073694659 0.969533101700244 -0.07472793715100003 1.1632431042766223 -0.07472793715100003 0.969533101700244 0.2068119073694659 0.41734939462143417 -0.615409467079683 -0.004245591829776851 -0.16227980754997268 
-0.0 -1.5250419016626178 -1.1432691655063498 0.5367709396034636 1.588787282514275 -0.7766545142495919 0.6772743715599037 0.6520038735395404 -0.0 -0.6520038735395404 -0.6772743715599037 0.7766545142495919 -1.588787282514275 -0.5367709396034636 1.1432691655063498 1.5250419016626178 
-0.5256497555658647 0.7496845481324801 -0.10344301852747279 -0.6768721582041267 1.7066705225382717 -0.3172730671217394 0.6066810609532423 -0.3626640060355835 0.7958559618337969 -0.3626640060355835 0.6066810609532423 -0.3172730671217394 1.7066705225382717 -0.6768721582041267 -0.10344301852747279 0.7496845481324801 
-0.0 -0.37768415165373775 0.11857161500964133 -1.1454244233887545 -1.2628169185953533 -0.5806145422776281 -0.2467824584965824 -0.49868683754283444 -0.0 0.49868683754283444 0.2467824584965824 0.5806145422776281 1.2628169185953533 1.1454244233887545 -0.11857161500964133 0.37768415165373775 
-2.189034445806837 0.6784092808028298 1.2598328459837238 -0.1896653859880955 0.053645743510719046 -0.22097288912695243 -0.9599464924811523 0.2473827055756904 -1.4634892737137661 0.2473827055756904 -0.9599464924811523 -0.22097288912695243 0.053645743510719046 -0.1896653859880955 1.2598328459837238 0.6784092808028298 
-0.0 -0.41500913492644886 0.14308554255628333 -0.16824129009975283 -0.2647663178565396 -0.32001540220001334 0.11981621125947492 1.346256635724521 -0.0 -1.346256635724521 -0.11981621125947492 0.32001540220001334 0.2647663178565396 0.16824129009975283 -0.14308554255628333 0.41500913492644886 
-0.4432054860181923 -0.053187700584257314 0.767208786222256 -0.4801991438297207 -0.9437423875784224 0.1335466244682219 0.3356297093983128 -1.0155889511003828 -0.5707348636519406 -1.0155889511003828 0.3356297093983128 0.1335466244682219 -0.9437423875784224 -0.4801991438297207 0.767208786222256 -0.053187700584257314 
-0.0 -0.22301169303205026 0.8085406875160857 0.06339408156503046 -0.48250290109403005 0.7227219099523635 -0.2342103838976522 0.8525488204143576 -0.0 -0.8525488204143576 0.2342103838976522 -0.7227219099523635 0.48250290109403005 -0.06339408156503046 -0.8085406875160857 0.22301169303205026 
-0.4583118160696633 0.7511511613660198 0.8413863795693906 0.4213781093631353 -0.1525244808180417 -1.2524753068306793 0.07830154046856891 -0.6420534156054716 0.1457244968025282 -0.6420534156054716 0.07830154046856891 -1.2524753068306793 -0.1525244808180417 0.4213781093631353 0.8413863795693906 0.7511511613660198 
-0.0 -0.4182674557334312 0.27544481342427163 1.0022922945459865 -0.4613121282837229 -0.6981789279252864 -1.6045979405344575 -0.2008749659585069 -0.0 0.2008749659585069 1.6045979405344575 0.6981789279252864 0.4613121282837229 -1.0022922945459865 -0.27544481342427163 0.4182674557334312 
0.32783206893246564 0.26947260196686895 1.664048144187436 0.9480660608551176 -1.6015769294083095 0.6056683073742354 -0.29222681734953393 0.9513974648380334 -0.45367781919423766 0.9513974648380334 -0.29222681734953393 0.6056683073742354 -1.6015769294083095 0.9480660608551176 1.664048144187436 0.26947260196686895 
-0.0 -0.8218219999185601 0.2602442358685739 -0.2741584658997077 0.2903723717642178 0.5836112010740456 1.6085719557250842 -0.21656303188730974 -0.0 0.21656303188730974 -1.6085719557250842 -0.5836112010740456 -0.2903723717642178 0.2741584658997077 -0.2602442358685739 0.8218219999185601 
0.5174496134484473 1.097819361434647 0.5385874432559776 0.36139029943157386 -0.4246487643389879 -0.2549174330710813 0.19167884218803025 2.0903708618174326 -1.0824794351777305 2.0903708618174326 0.19167884218803025 -0.2549174330710813 -0.4246487643389879 0.36139029943157386 0.5385874432559776 1.097819361434647 
-0.0 0.11894854455614778 0.3124190801285557 0.14406442305502187 -0.26972334522548813 -0.4215569863739057 1.820351789174504 0.5947439479848506 -0.0 -0.5947439479848506 -1.820351789174504 0.4215569863739057 0.26972334522548813 -0.14406442305502187 -0.3124190801285557 -0.11894854455614778 
0.1946815100738153 0.3499122414002901 -1.4647248177823426 -1.0119011315302884 -0.8785732668557106 0.43224206133783183 0.7426206671438408 0.21631659712761653 0.18757249994096648 0.21631659712761653 0.7426206671438408 0.43224206133783183 -0.8785732668557106 -1.0119011315302884 -1.4647248177823426 0.3499122414002901 
-0.0 -0.4091617506340749 -0.18672931374844504 -0.13750321204256166 0.9957172173861767 -2.180668187799615 -0.9011371853905742 1.3940414033850832 -0.0 -1.3940414033850832 0.9011371853905742 2.180668187799615 -0.9957172173861767 0.13750321204256166 0.18672931374844504 0.4091617506340749 
-2.3610966252850316 0.45048294176121656 0.41143398301220435 -0.27627847724073334 1.592056249108663 -0.023265059305250635 -0.755420968914435 1.2033017541767812 1.7238507509947434 1.2033017541767812 -0.755420968914435 -0.023265059305250635 1.592056249108663 -0.27627847724073334 0.41143398301220435 0.45048294176121656 
-0.0 -0.1257158461887205 0.4113940318773493 -0.39566546424575283 0.8240578947066253 -0.32306268849823655 -0.2943865367159832 -0.31069670937812705 -0.0 0.31069670937812705 0.2943865367159832 0.32306268849823655 -0.8240578947066253 0.39566546424575283 -0.4113940318773493 0.1257158461887205 
0.7047586057242412 -1.5521324822479607 -0.25920351390298635 -1.1487606981788285 -0.18532597888611124 0.31281169560421923 1.066161587381866 0.5853223719397891 -1.502962949788419 0.5853223719397891 1.066161587381866 0.31281169560421923 -0.18532597888611124 -1.1487606981788285 -0.25920351390298635 -1.5521324822479607 
-0.0 -0.04972551541752197 0.7675909105129476 -0.38076776668259804 0.15206737320193997 -0.19162058345909283 -1.16060639988607 0.1010396752457255 -0.0 -0.1010396752457255 1.16060639988607 0.19162058345909283 -0.15206737320193997 0.38076776668259804 -0.7675909105129476 0.04972551541752197 
0.3172112531989483 1.0975028052123263 0.381624550968234 -0.4279337030985618 1.1084512554472719 0.1516690392924852 -0.16317758118678916 0.8050282548866071 1.6928401433219236 0.8050282548866071 -0.16317758118678916 0.1516690392924852 1.1084512554472719 -0.4279337030985618 0.381624550968234 1.0975028052123263 
-0.0 1.3926503350010675 -0.18612154652174662 -0.6410763833700949 0.9064969187907158 -0.027321836997390103 1.3653669332443745 0.6258098548320757 -0.0 -0.6258098548320757 -1.3653669332443745 0.027321836997390103 -0.9064969187907158 0.6410763833700949 0.18612154652174662 -1.3926503350010675 
-1.332943985526967 0.904787708354597 -0.019706370133292517 0.2877351679420702 0.1009785392858854 0.10238210898752764 0.41164718007983053 -0.6596634751492303 0.84579229889202 -0.6596634751492303 0.41164718007983053 0.10238210898752764 0.1009785392858854 0.2877351679420702 -0.019706370133292517 0.904787708354597 
-0.0 0.17656197435313575 2.1957002761029254 1.5357093017075198 -0.5426661734603447 -0.5235931638895972 0.18374931834019348 0.8889834568528265 -0.0 -0.8889834568528265 -0.18374931834019348 0.5235931638895972 0.5426661734603447 -1.5357093017075198 -2.1957002761029254 -0.17656197435313575 
1.4507526022987465 0.4680343332187777 0.4692346720257947 1.0219047549296016 0.39187354208085123 -1.8518577581131965 -0.5173692234043799 -0.2175054478576694 1.8774021765354085 -0.2175054478576694 -0.5173692234043799 -1.8518577581131965 0.39187354208085123 1.0219047549296016 0.4692346720257947 0.4680343332187777 
-0.0 0.35293180750970965 -0.7942001517833994 0.4275380772437714 0.773785307982816 -1.1256096203611279 1.296882423552397 0.3675728381153456 -0.0 -0.3675728381153456 -1.296882423552397 1.1256096203611279 -0.773785307982816 -0.4275380772437714 0.7942001517833994 -0.35293180750970965 
-1.1233609604416976 -1.062680141944806 -0.35942848915165415 -0.5197357822550308 -0.48432362778464766 -0.27207390092407363 1.181162978206245 1.006158886935931 -2.1240517031005437 1.006158886935931 1.181162978206245 -0.27207390092407363 -0.48432362778464766 -0.5197357822550308 -0.35942848915165415 -1.062680141944806 
-0.0 -0.3840364847773113 -0.8466975106046205 -0.10412179663598053 0.14705706718082023 1.5357119609869594 -0.500567449616632 1.164484450841273 -0.0 -1.164484450841273 0.500567449616632 -1.5357119609869594 -0.14705706718082023 0.10412179663598053 0.8466975106046205 0.3840364847773113 
-1.9298211613017378 0.41670518568081893 0.5882643032554592 1.966951715610052 -1.4606640294235675 0.044473296146464225 0.884852100500679 0.2970779181739429 1.2412680582468147 0.2970779181739429 0.884852100500679 0.044473296146464225 -1.4606640294235675 1.966951715610052 0.5882643032554592 0.41670518568081893 
-0.0 1.1815571237668379 0.29547141484877126 1.3623147096966879 0.32280349092091365 -0.5286285887971114 -0.27360435194889676 -0.36345283101205067 -0.0 0.36345283101205067 0.27360435194889676 0.5286285887971114 -0.32280349092091365 -1.3623147096966879 -0.29547141484877126 -1.1815571237668379 
1.1036623873442275 0.09546837897858507 -0.16093940402665674 0.73301215495916 -0.5764053883723753 0.8881364554773146 -1.6142721045465331 -0.7521600075940034 -0.8413685023547544 -0.7521600075940034 -1.6142721045465331 0.8881364554773146 -0.5764053883723753 0.73301215495916 -0.16093940402665674 0.09546837897858507 
-0.0 0.6328927238136024 0.6211806986061716 1.6059435968673144 -1.8128943626049483 -0.1228838049893517 -0.03536418786596812 -0.83460700664165 -0.0 0.83460700664165 0.03536418786596812 0.1228838049893517 1.8128943626049483 -1.6059435968673144 -0.6211806986061716 -0.6328927238136024 
0.7705422087758433 -0.35664158837508647 0.1017411198777472 0.7678007455524954 -0.562414433662325 0.06452934452691883 -0.8004483588336746 0.8302932855770506 0.34521658315723025 0.8302932855770506 -0.8004483588336746 0.06452934452691883 -0.562414433662325 0.7678007455524954 0.1017411198777472 -0.35664158837508647 
-0.0 0.9623627252778433 1.091952947665919 -0.018362912970330242 0.8668425769954543 0.48420296571289845 1.2916995573454595 0.6466847405977134 -0.0 -0.6466847405977134 -1.2916995573454595 -0.48420296571289845 -0.8668425769954543 0.018362912970330242 -1.091952947665919 -0.9623627252778433 
0.9261450302764044 1.9157445625727827 0.9247252119681312 0.03360786954170722 0.31222675862062566 0.11911645309689692 1.363481455645265 -0.9859390750182041 -1.833911185188568 -0.9859390750182041 1.363481455645265 0.11911645309689692 0.31222675862062566 0.03360786954170722 0.9247252119681312 1.9157445625727827 
-0.0 -0.5389832527698454 -0.7662755581254832 -0.15168931388137596 -0.9295015105140739 1.3145588541677562 1.2399453227714885 -0.5229657949932943 -0.0 0.5229657949932943 -1.2399453227714885 -1.3145588541677562 0.9295015105140739 0.15168931388137596 0.7662755581254832 0.5389832527698454 
1.8224498144569887 -0.53935218467536 1.0950515814718478 0.3006046153989096 0.03838155746494254 -0.5539400344494186 -0.6127664254897954 -1.2182660355719606 -0.5496858010887514 -1.2182660355719606 -0.6127664254897954 -0.5539400344494186 0.03838155746494254 0.3006046153989096 1.0950515814718478 -0.53935218467536 
-0.0 -0.9476626662582387 -0.03637647787552656 -0.6186884669788506 -0.4591362706109883 2.387995159863735 -0.16135236533061625 -1.0207819021676006 -0.0 1.0207819021676006 0.16135236533061625 -2.387995159863735 0.4591362706109883 0.6186884669788506 0.03637647787552656 0.9476626662582387 
1.9475912517662257 0.07192104917153713 0.8746020783099417 0.21348749886711738 0.11772776713033262 0.8128333606617903 1.1640090563352243 -0.45653193325251956 0.16091799949634666 -0.45653193325251956 1.1640090563352243 0.8128333606617903 0.11772776713033262 0.21348749886711738 0.8746020783099417 0.07192104917153713 
-0.0 0.42541447094922197 -0.41333467303338667 0.7390740643254796 -0.43523683512352573 -0.2569970515085502 -1.484057937252252 0.42422435970270206 -0.0 -0.42422435970270206 1.484057937252252 0.2569970515085502 0.43523683512352573 -0.7390740643254796 0.41333467303338667 -0.42541447094922197 
0.6999523737417371 0.9583175523644684 0.15874837439787323 0.7070361781939115 1.2034178337478365 0.47461396506919684 0.020059538911990665 0.8300794593915489 -2.596209158943569 0.8300794593915489 0.020059538911990665 0.47461396506919684 1.2034178337478365 0.7070361781939115 0.15874837439787323 0.9583175523644684 
-0.0 -0.2717947493768672 0.19989337147847364 0.3950491139269059 1.061657764538654 0.7910585825877314 -0.7766763056208186 -0.05318136093589329 -0.0 0.05318136093589329 0.7766763056208186 -0.7910585825877314 -1.061657764538654 -0.3950491139269059 -0.19989337147847364 0.2717947493768672 
0.16587377859982122 -0.9250525922952737 -0.621979072423151 2.3532615274204227 -0.04379636815262222 0.9441864052123641 -0.24951164542204243 0.6681734451495971 0.2147916815146207 0.6681734451495971 -0.24951164542204243 0.9441864052123641 -0.04379636815262222 2.3532615274204227 -0.621979072423151 -0.9250525922952737 
-0.0 0.9984396875250792 0.24547062889161642 -1.497961162403376 0.4093332000147435 -0.8967223373082194 0.861218139740638 0.09356547184208369 -0.0 -0.09356547184208369 -0.861218139740638 0.8967223373082194 -0.4093332000147435 1.497961162403376 -0.24547062889161642 -0.9984396875250792 
-2.778070178961594 -0.8271021506435172 0.3051334566339166 -1.4540246415190659 0.22071505417160642 -0.01812077562037251 -0.496836242061977 0.7836958080065797 -0.3139283627715126 0.7836958080065797 -0.496836242061977 -0.01812077562037251 0.22071505417160642 -1.4540246415190659 0.3051334566339166 -0.8271021506435172 
-0.0 -0.3853890150426491 0.09619653296041045 0.7831849621397977 -0.5312480258975879 0.4522446479361875 0.37303471363852125 0.8032193709702427 -0.0 -0.8032193709702427 -0.37303471363852125 -0.4522446479361875 0.5312480258975879 -0.7831849621397977 -0.09619653296041045 0.3853890150426491 
-0.34541632322247207 0.415670314972781 0.4916942748319468 0.7431512366378313 0.5593309780330294 0.7770333075205608 0.3539098819315423 -0.4581839388036017 0.5412947843421188 -0.4581839388036017 0.3539098819315423 0.7770333075205608 0.5593309780330294 0.7431512366378313 0.4916942748319468 0.415670314972781 
-0.0 -0.7299095414117127 -0.8510080983065363 2.391290303856879 -0.571567426094206 -0.33978199868989534 0.30435037034209633 -0.46819021533246996 -0.0 0.46819021533246996 -0.30435037034209633 0.33978199868989534 0.571567426094206 -2.391290303856879 0.8510080983065363 0.7299095414117127 
0.19007592584912691 -0.40268725174296083 0.5706223198114754 -0.37773522640681606 -1.3477336394330244 -0.03374002210747745 -0.6390761863215736 0.038039265962651836 2.6110470230246516 0.038039265962651836 -0.6390761863215736 -0.03374002210747745 -1.3477336394330244 -0.37773522640681606 0.5706223198114754 -0.40268725174296083 
-0.0 -0.2987627110403979 0.8007873897549029 1.2724454459238672 -0.2969125409997202 -0.9319657566019275 0.8368458207616316 0.4742792469048122 -0.0 -0.4742792469048122 -0.8368458207616316 0.9319657566019275 0.2969125409997202 -1.2724454459238672 -0.8007873897549029 0.2987627110403979 
0.692118879736806 -1.1582505493342727 -0.46904556130777386 0.2631732525442123 0.2574701555533596 1.1801113405809889 1.1861228415231597 0.9387259790557121 0.0749423067446865 0.9387259790557121 1.1861228415231597 1.1801113405809889 0.2574701555533596 0.2631732525442123 -0.46904556130777386 -1.1582505493342727 
-0.0 0.4290801357346754 0.20385772651628542 -0.41930690920911057 0.07132915922861083 -0.3604925019139687 1.3672377924135208 -0.425244910632265 -0.0 0.425244910632265 -1.3672377924135208 0.3604925019139687 -0.07132915922861083 0.41930690920911057 -0.20385772651628542 -0.4290801357346754 
0.5602984647131783 0.5034401365980096 1.3369409195031552 -0.5533101416890711 0.3035651039415107 -0.6308081067734854 0.958954596443986 1.8142790298120768 -0.2326003854392451 1.8142790298120768 0.958954596443986 -0.6308081067734854 0.3035651039415107 -0.5533101416890711 1.3369409195031552 0.5034401365980096 
-0.0 0.18929642479987313 -1.2835745146018402 -0.3596678583459279 1.169054534469157 0.4279433310070138 -0.4173054863024426 -0.2877056741108512 -0.0 0.2877056741108512 0.4173054863024426 -0.4279433310070138 -1.169054534469157 0.3596678583459279 1.2835745146018402 -0.18929642479987313 
0.3442066323367273 -1.00651140833277 0.8897575071409272 -1.0556484149376955 0.5874707123371709 0.24488325527964305 -0.04035648111326734 0.4799205117914057 1.4468996345638123 0.4799205117914057 -0.04035648111326734 0.24488325527964305 0.5874707123371709 -1.0556484149376955 0.8897575071409272 -1.00651140833277 
-0.0 -0.2442324901263221 1.091185375888362 -1.0211450625820748 0.18825316929711433 0.2594674451671809 -1.9234904501880945 -1.9090795684810944 -0.0 1.9090795684810944 1.9234904501880945 -0.2594674451671809 -0.18825316929711433 1.0211450625820748 -1.091185375888362 0.2442324901263221 
0.6727752269446132 -0.4927787509101643 0.8584808473507834 0.17412889937049292 -0.3974243383194951 -0.9487308795618911 0.4315224414849852 -0.5004147324229785 -2.4917139954290786 -0.5004147324229785 0.4315224414849852 -0.9487308795618911 -0.3974243383194951 0.17412889937049292 0.8584808473507834 -0.4927787509101643 
-0.0 0.11759027815732731 0.44048606126139433 0.16841809967106852 0.06699374031805583 0.8652336075282825 -0.24681503926321402 0.4882863660070393 -0.0 -0.4882863660070393 0.24681503926321402 -0.8652336075282825 -0.06699374031805583 -0.16841809967106852 -0.44048606126139433 -0.11759027815732731 
1.2199139473627212 -0.4105644409489677 1.1316961609639866 0.3837671958943948 1.1530185791357779 -0.2731196282859206 -0.16250811358256034 -0.045461794854645854 0.19917260629263744 -0.045461794854645854 -0.16250811358256034 -0.2731196282859206 1.1530185791357779 0.3837671958943948 1.1316961609639866 -0.4105644409489677 
-0.0 0.099031971402188 0.9489699637195681 1.0114142400687252 0.9980751022576866 0.7682685335030578 -0.555424004736176 -0.8752947011772453 -0.0 0.8752947011772453 0.555424004736176 -0.7682685335030578 -0.9980751022576866 -1.0114142400687252 -0.9489699637195681 -0.099031971402188 
2.5121166975388363 0.5228691375504981 1.3159967569630524 -0.5348279031392348 -0.6050978796070453 0.07813770417096699 0.0070746674973499735 -0.23010000170153816 0.8562016643644137 -0.23010000170153816 0.0070746674973499735 0.07813770417096699 -0.6050978796070453 -0.5348279031392348 1.3159967569630524 0.5228691375504981 
-0.0 0.2274922368777439 0.34145566777112496 -0.13346058284352375 1.6663747615488358 0.2717459357065439 0.4243247148604408 -1.782190738525407 -0.0 1.782190738525407 -0.4243247148604408 -0.2717459357065439 -1.6663747615488358 0.13346058284352375 -0.34145566777112496 -0.2274922368777439 
-0.8802267245288025 -0.334814017357802 -0.6339906064159063 -0.4719564847438713 1.67152694805056 -0.37955433326678323 -0.8390857924596234 0.03771912393001203 1.2148990025655662 0.03771912393001203 -0.8390857924596234 -0.37955433326678323 1.67152694805056 -0.4719564847438713 -0.6339906064159063 -0.334814017357802 
-0.0 -0.0177410957615336 0.5203469817016275 0.2854009045768104 -1.0679803222551134 0.64579979601825 -0.2807199009918739 -0.29298313422972777 -0.0 0.29298313422972777 0.2807199009918739 -0.64579979601825 1.0679803222551134 -0.2854009045768104 -0.5203469817016275 0.0177410957615336 
-1.2100331248015241 -0.4033596147578896 0.31788605132158226 -1.2372877092257624 -0.2103700318343189 0.47486108143863626 -0.024507223365346997 0.34789788511098985 0.5762372856311713 0.34789788511098985 -0.024507223365346997 0.47486108143863626 -0.2103700318343189 -1.2372877092257624 0.31788605132158226 -0.4033596147578896 
-0.0 1.614639260807786 -0.09019008570606579 -0.350496723623701 -1.3826367521584573 -0.5967733479167104 -0.49355982495714446 0.7096157839047751 -0.0 -0.7096157839047751 0.49355982495714446 0.5967733479167104 1.3826367521584573 0.350496723623701 0.09019008570606579 -1.614639260807786 
-1.3014622623970946 -1.0642653460688876 -0.10620569486268339 -0.3880593323427384 -0.45714307197509974 1.4280474911040244 0.5339031369952937 0.9249981346163652 -1.2091537775349774 0.9249981346163652 0.5339031369952937 1.4280474911040244 -0.45714307197509974 -0.3880593323427384 -0.10620569486268339 -1.0642653460688876 
-0.0 -0.8158782544897066 -0.0812208137510885 -0.4182177363715102 0.5279185397550928 0.6486635453721121 -0.3371194030657879 0.7914069604979511 -0.0 -0.7914069604979511 0.3371194030657879 -0.6486635453721121 -0.5279185397550928 0.4182177363715102 0.0812208137510885 0.8158782544897066 
-0.02158055697064365 1.433882199249364 -0.28345174476701634 0.8745262478822715 -0.6617886574013674 -0.09876670692374329 0.5752700058233273 -0.5840874202413959 1.2186148522428644 -0.5840874202413959 0.5752700058233273 -0.09876670692374329 -0.6617886574013674 0.8745262478822715 -0.28345174476701634 1.433882199249364 
-0.0 -1.6373838653805208 -0.23508393393682614 -0.5121023129655092 -0.04902095797425077 0.43520175965762975 -0.6500374534072672 0.6089445657701577 -0.0 -0.6089445657701577 0.6500374534072672 -0.43520175965762975 0.04902095797425077 0.5121023129655092 0.23508393393682614 1.6373838653805208 
-0.8896401947113886 0.012255599362020975 -1.3820306322900002 -0.9869137421198975 0.4151809947079276 0.11905546437322362 -0.40781313620847537 0.5454297460183717 -0.7327768849785135 0.5454297460183717 -0.40781313620847537 0.11905546437322362 0.4151809947079276 -0.9869137421198975 -1.3820306322900002 0.012255599362020975 
-0.0 0.020166383240853514 -1.8870234183208734 0.34030490460620977 0.810757943980435 1.2781648692664263 -0.43128123702995746 1.104879320060821 -0.0 -1.104879320060821 0.43128123702995746 -1.2781648692664263 -0.810757943980435 -0.34030490460620977 1.8870234183208734 -0.020166383240853514 
-1.3641905898626054 0.30293351118881384 -0.05934804561534561 -0.04803035270130418 -1.6983471526455345 -1.1306709215006683 0.1097188475848007 0.09249097044090117 -0.4808846770719255 0.09249097044090117 0.1097188475848007 -1.1306709215006683 -1.6983471526455345 -0.04803035270130418 -0.05934804561534561 0.30293351118881384 
-0.0 -0.6322764543481094 2.3852785951622466 0.0044324056252888905 0.5595955451340937 0.21719687759452455 0.09180426877265946 -0.3892491561057163 -0.0 0.3892491561057163 -0.09180426877265946 -0.21719687759452455 -0.5595955451340937 -0.0044324056252888905 -2.3852785951622466 0.6322764543481094 
-0.7586011430450019 1.0430555256267031 0.5964187490167983 -0.24597608686866357 -0.7669778760358431 -0.2875308428209178 -0.11051581742268451 0.8773580222165853 0.5112676145581561 0.8773580222165853 -0.11051581742268451 -0.2875308428209178 -0.7669778760358431 -0.24597608686866357 0.5964187490167983 1.0430555256267031 
-0.0 1.5275220796274238 -0.10907093203339288 1.0818721628917072 -0.3664262794053986 -0.46708110544702625 0.47703999552654475 1.1203867003291077 -0.0 -1.1203867003291077 -0.47703999552654475 0.46708110544702625 0.3664262794053986 -1.0818721628917072 0.10907093203339288 -1.5275220796274238 
-1.4946576652666712 0.04718251563401732 -0.37937630252724175 0.46080791243692404 1.0923938953817551 -0.9968902733620777 -1.3533058957999042 0.06802359884960396 0.4734508315398456 0.06802359884960396 -1.3533058957999042 -0.9968902733620777 1.0923938953817551 0.46080791243692404 -0.37937630252724175 0.04718251563401732 
-0.0 0.15186974830277555 0.23436127128332426 1.5352944201910277 -1.3754180847962205 0.02605921337672612 -0.5529411265107846 -1.168274502931802 -0.0 1.168274502931802 0.5529411265107846 -0.02605921337672612 1.3754180847962205 -1.5352944201910277 -0.23436127128332426 -0.15186974830277555 
-0.9950693541869228 0.25911501191218667 0.9786939995217999 -0.9486363366353494 0.20322477086743107 -1.6450707179708126 -0.8723605593104461 -0.324798377183395 -0.04397931177430625 -0.324798377183395 -0.8723605593104461 -1.6450707179708126 0.20322477086743107 -0.9486363366353494 0.9786939995217999 0.25911501191218667 
-0.0 0.8165469174422075 1.704841065068599 -0.4340386539986638 0.6221493166165516 -0.7090584560332178 0.25592767125150784 -0.25195169637395853 -0.0 0.25195169637395853 -0.25592767125150784 0.7090584560332178 -0.6221493166165516 0.4340386539986638 -1.704841065068599 -0.8165469174422075 
0.2111815314467852 -0.43499641459611144 -0.19092091656891047 0.9994974191662005 1.320633653989146 0.47399095145823394 -0.9823728175706121 0.60004767375026 -0.9971390485995294 0.60004767375026 -0.9823728175706121 0.47399095145823394 1.320633653989146 0.9994974191662005 -0.19092091656891047 -0.43499641459611144 
-0.0 -0.5634924848114842 0.6709276120204382 -1.1545429883121963 -1.1958659140519559 -0.724414944310878 -0.04575129810026213 0.3720591953731308 -0.0 -0.3720591953731308 0.04575129810026213 0.724414944310878 1.1958659140519559 1.1545429883121963 -0.6709276120204382 0.5634924848114842 
0.9021715245451732 -0.5151164032740861 -0.8659212618472434 0.2415556744775813 -0.09746602560350792 0.8629023081696985 0.39370144160410603 1.6223133728154675 1.818096479653478 1.6223133728154675 0.39370144160410603 0.8629023081696985 -0.09746602560350792 0.2415556744775813 -0.8659212618472434 -0.5151164032740861 
-0.0 -0.9133790123182193 -0.142092222591788 -0.01734252958195792 0.06668682886033006 -0.22119297542356742 1.0886387178968644 -1.3325844930550224 -0.0 1.3325844930550224 -1.0886387178968644 0.22119297542356742 -0.06668682886033006 0.01734252958195792 0.142092222591788 0.9133790123182193 
1.7538381782712724 0.5678968082010702 0.9722176562912943 -1.0242122108397829 -0.3594861369451794 0.22839859280159036 0.3698046805692812 -0.9454902366128906 -0.23858031350004383 -0.9454902366128906 0.3698046805692812 0.22839859280159036 -0.3594861369451794 -1.0242122108397829 0.9722176562912943 0.5678968082010702 
-0.0 -0.5417078996876468 0.1785533830863073 0.11188705737237725 0.5927896201779642 -1.7654243165710528 0.8661959131447101 0.34839124095166935 -0.0 -0.34839124095166935 -0.8661959131447101 1.7654243165710528 -0.5927896201779642 -0.11188705737237725 -0.1785533830863073 0.5417078996876468 
-0.2583213672658471 -1.094203510908037 -0.25316728154028334 0.488757598157717 1.9881319275218547 0.7958704330617261 -0.4060494659043735 0.11916620199153838 1.601775062362731 0.11916620199153838 -0.4060494659043735 0.7958704330617261 1.9881319275218547 0.488757598157717 -0.25316728154028334 -1.094203510908037 
-0.0 -2.1047772058706338 0.794032359019995 -0.8852333319171111 0.7190594601931894 0.07574741351017455 -0.31352380038224725 -0.6051932543814563 -0.0 0.6051932543814563 0.31352380038224725 -0.07574741351017455 -0.7190594601931894 0.8852333319171111 -0.794032359019995 2.1047772058706338 
0.31535516858272084 -0.7840239342714775 0.16397132324481933 -0.3862599709639546 0.4364404675281507 1.5343266809523315 0.24016805868305802 -0.6244561618476728 -0.8181081093789074 -0.6244561618476728 0.24016805868305802 1.5343266809523315 0.4364404675281507 -0.3862599709639546 0.16397132324481933 -0.7840239342714775 
-0.0 0.017757662821529907 -0.740041375798721 1.1249504815970506 -0.3762672525898543 -0.9681095809781153 0.032904662087325065 -0.18706918868244404 -0.0 0.18706918868244404 -0.032904662087325065 0.9681095809781153 0.3762672525898543 -1.1249504815970506 0.740041375798721 -0.017757662821529907 
-0.27280567815405254 -0.18780506014698006 1.1354303049543704 -1.0682425300344398 -0.5339203304831386 -0.834482749951506 -1.7151619304527903 0.412035941199415 1.7008219141516232 0.412035941199415 -1.7151619304527903 -0.834482749951506 -0.5339203304831386 -1.0682425300344398 1.1354303049543704 -0.18780506014698006 
-0.0 -0.6507364122464512 -1.0927337971284248 -0.30969595918028725 -0.3880771551041028 -1.5045734855531743 0.6960385230808026 -0.5327706436939563 -0.0 0.5327706436939563 -0.6960385230808026 1.5045734855531743 0.3880771551041028 0.30969595918028725 1.0927337971284248 0.6507364122464512 
-0.8348710922969174 0.030744974881842302 -0.7280138044690819 0.0127673843038619 -0.7830389632464175 0.2754997865520291 1.0782284003660783 -0.13519544960817642 -3.1547281318168077 -0.13519544960817642 1.0782284003660783 0.2754997865520291 -0.7830389632464175 0.0127673843038619 -0.7280138044690819 0.030744974881842302 
-0.0 0.8893274636706888 0.18565676691323535 0.8856169924049534 0.8378241221674685 -0.11983409458723282 -0.19995096828217546 0.17303497678696111 -0.0 -0.17303497678696111 0.19995096828217546 0.11983409458723282 -0.8378241221674685 -0.8856169924049534 -0.18565676691323535 -0.8893274636706888 
0.24214874664018404 0.10978938208289435 0.7067190275973898 0.05741015551471984 0.761903419775539 0.11235239574321332 -2.67666679553271 -1.2923383132165105 0.7599885572790642 -1.2923383132165105 -2.67666679553271 0.11235239574321332 0.761903419775539 0.05741015551471984 0.7067190275973898 0.10978938208289435 
-0.0 0.010870743902511193 -0.4857391238977157 1.2219618401627468 -0.3879123646685475 0.2979278128161181 -1.4473267115697301 -0.15884841661149762 -0.0 0.15884841661149762 1.4473267115697301 -0.2979278128161181 0.3879123646685475 -1.2219618401627468 0.4857391238977157 -0.010870743902511193 
-1.3539610426205444 -0.15224800633595645 -0.11629701290104966 -0.23633603277843773 -1.0255411342678988 -0.13168127685787218 -1.7236068060114726 0.21381794899804787 1.2559098239136577 0.21381794899804787 -1.7236068060114726 -0.13168127685787218 -1.0255411342678988 -0.23633603277843773 -0.11629701290104966 -0.15224800633595645 
-0.0 0.027171893480380467 -0.20190180194946417 -0.6368975128232597 1.63331341286172 -0.7447496726422447 1.2921859495123256 0.11758727298930174 -0.0 -0.11758727298930174 -1.2921859495123256 0.7447496726422447 -1.63331341286172 0.6368975128232597 0.20190180194946417 -0.027171893480380467 
-1.5715524578719227 1.2516334079384237 0.3059880574840428 -0.4689013832457613 0.29517182808628106 0.6044077946424702 0.5865164839930881 0.8456978192320219 0.002725609151281949 0.8456978192320219 0.5865164839930881 0.6044077946424702 0.29517182808628106 -0.4689013832457613 0.3059880574840428 1.2516334079384237 
-0.0 0.3241917018405549 1.1775713131288401 1.4251196587850756 1.2446062006772696 -1.3897049723700958 0.0366121275175505 -0.40818190233302465 -0.0 0.40818190233302465 -0.0366121275175505 1.3897049723700958 -1.2446062006772696 -1.4251196587850756 -1.1775713131288401 -0.3241917018405549 
-0.8434854904501685 0.4190850573116191 -0.306282031752348 0.4916442509982661 -0.5860419795986355 -0.7737846319222841 -0.443860745179004 -0.9807840013608831 0.5386631364033594 -0.9807840013608831 -0.443860745179004 -0.7737846319222841 -0.5860419795986355 0.4916442509982661 -0.306282031752348 0.4190850573116191 
-0.0 0.5865915777287077 -0.9839148153188355 0.23105008237217328 -1.1015331791855942 -0.31924938511829737 0.17995171387732545 -1.8898921497906582 -0.0 1.8898921497906582 -0.17995171387732545 0.31924938511829737 1.1015331791855942 -0.23105008237217328 0.9839148153188355 -0.5865915777287077 
2.3894379137948136 -0.16699648940945494 -0.8907380836832275 1.6399473547655976 -0.31348359674258697 0.3225872185933296 0.19431973067713093 1.102150209460083 1.1908531092565817 1.102150209460083 0.19431973067713093 0.3225872185933296 -0.31348359674258697 1.6399473547655976 -0.8907380836832275 -0.16699648940945494 
-0.0 0.16455105039440632 -0.24266063068646443 1.2588863424391812 -0.21706725856244014 0.5571323758136251 0.09183718613497986 0.7771661450408671 -0.0 -0.7771661450408671 -0.09183718613497986 -0.5571323758136251 0.21706725856244014 -1.2588863424391812 0.24266063068646443 -0.16455105039440632 
0.4995270514264042 0.9150519372854118 0.6253677751971771 -0.448273620890034 0.6538875494404133 -1.2773181855872207 0.7980427338728202 0.5708892051526568 1.6755743285696862 0.5708892051526568 0.7980427338728202 -1.2773181855872207 0.6538875494404133 -0.448273620890034 0.6253677751971771 0.9150519372854118 
-0.0 0.49336630290325767 0.4620964760040893 -1.4107036460647058 -1.5115991598085388 -0.7384946860993227 0.9613126587336072 -1.0043004041134038 -0.0 1.0043004041134038 -0.9613126587336072 0.7384946860993227 1.5115991598085388 1.4107036460647058 -0.4620964760040893 -0.49336630290325767 
2.1254376351905906 2.0039997144126485 0.5447795524836268 -1.3335028727700395 -0.32313812632394456 -0.1347769692512647 0.5835874233872718 -0.003692945421630567 -0.9533319890913512 -0.003692945421630567 0.5835874233872718 -0.1347769692512647 -0.32313812632394456 -1.3335028727700395 0.5447795524836268 2.0039997144126485 
-0.0 -1.458115080340195 1.0562877182468093 0.5413559372590948 -0.6806438344267814 -0.33109298779021284 0.27282828471425224 -0.2513380373865044 -0.0 0.2513380373865044 -0.27282828471425224 0.33109298779021284 0.6806438344267814 -0.5413559372590948 -1.0562877182468093 1.458115080340195 
-0.21286198615929397 0.5252858804694417 -0.7759895361132844 -1.1042817750988436 0.9771032896419781 -0.40880525824317054 0.8814645253821202 -1.168315305916487 -0.5001097779546264 -1.168315305916487 0.8814645253821202 -0.40880525824317054 0.9771032896419781 -1.1042817750988436 -0.7759895361132844 0.5252858804694417 
-0.0 0.0668761017943392 -0.39047604578680384 -0.08992965951251897 -0.5439960167545507 -1.4624807799489188 -1.449812268336562 0.5134235470853747 -0.0 -0.5134235470853747 1.449812268336562 1.4624807799489188 0.5439960167545507 0.08992965951251897 0.39047604578680384 -0.0668761017943392 
0.7351793021246708 -1.3251124401602188 0.47132075052711825 -1.3778180587337938 0.33595514863298703 0.3284852651702522 0.1811788491960184 0.3852040753092724 0.3924853870800459 0.3852040753092724 0.1811788491960184 0.3284852651702522 0.33595514863298703 -1.3778180587337938 0.47132075052711825 -1.3251124401602188 
-0.0 -0.7804481572835911 -0.5099297400953962 -0.00352645737808039 -1.2042251938615376 -0.08487594355429712 1.327378875311997 -0.5350966246779416 -0.0 0.5350966246779416 -1.327378875311997 0.08487594355429712 1.2042251938615376 0.00352645737808039 0.5099297400953962 0.7804481572835911 
-1.2966462012280036 0.949925967932633 0.07371262755888341 -0.9134693669178828 -0.25936893355439794 1.1063178720562994 1.0631849260272226 0.6400576210977765 0.4676095217460833 0.6400576210977765 1.0631849260272226 1.1063178720562994 -0.25936893355439794 -0.9134693669178828 0.07371262755888341 0.949925967932633 
-0.0 -1.6897218603294264 0.8720543903486918 -1.3028479999891016 -0.10637154696168061 -0.2521561640619209 0.5651498414249781 0.4615783478830805 -0.0 -0.4615783478830805 -0.5651498414249781 0.2521561640619209 0.10637154696168061 1.3028479999891016 -0.8720543903486918 1.6897218603294264 
-1.8746374170565652 0.8983559429312744 -0.26066610471060303 -0.12283881420052495 -0.2857402857754786 -0.7089742659477951 -0.9613541353870397 -0.729068338375624 -0.21743348950907315 -0.729068338375624 -0.9613541353870397 -0.7089742659477951 -0.2857402857754786 -0.12283881420052495 -0.26066610471060303 0.8983559429312744 
-0.0 -0.36458063598506474 -0.2287753545397293 -0.6344936199177034 -0.5384333271926679 0.256094290068863 -1.2369191543334546 -0.8182752242016658 -0.0 0.8182752242016658 1.2369191543334546 -0.256094290068863 0.5384333271926679 0.6344936199177034 0.2287753545397293 0.36458063598506474 
0.824267271579558 0.2678791370593836 0.6428841136898857 -0.9534483049490168 -0.001189587014190141 0.3251234135045277 0.2085544411348419 0.018134367756181047 0.5245112381042727 0.018134367756181047 0.2085544411348419 0.3251234135045277 -0.001189587014190141 -0.9534483049490168 0.6428841136898857 0.2678791370593836 
-0.0 0.5749810482856015 1.177635118903587 -1.680264791763515 1.122201917168577 -0.0820100441356666 -0.6095830606383354 -0.8156271983302235 -0.0 0.8156271983302235 0.6095830606383354 0.0820100441356666 -1.122201917168577 1.680264791763515 -1.177635118903587 -0.5749810482856015 
-1.9223293659844445 0.4804823438396886 -0.8336577911202461 -0.06280592801053031 0.07787246996619124 0.7602067130570057 0.2774891761724989 -1.2673122545622575 -1.5755571698546098 -1.2673122545622575 0.2774891761724989 0.7602067130570057 0.07787246996619124 -0.06280592801053031 -0.8336577911202461 0.4804823438396886 
-0.0 -0.9226019344422024 -0.139121459332193 0.7248357796923997 0.436619412380448 -0.9088450866598252 -0.5517073328014963 -0.197511634641928 -0.0 0.197511634641928 0.5517073328014963 0.9088450866598252 -0.436619412380448 -0.7248357796923997 0.139121459332193 0.9226019344422024 
-0.7571894339157602 0.2581175323314743 -0.5222772855484988 -0.5086753634366454 0.5259031641439613 0.4861406840845677 -0.05316255970207184 1.3770231383591005 -0.7009970378326073 1.3770231383591005 -0.05316255970207184 0.4861406840845677 0.5259031641439613 -0.5086753634366454 -0.5222772855484988 0.2581175323314743 
-0.0 -0.2008174288621877 0.4777455991575821 0.3129232929841209 1.2544032060705184 0.3597057695635526 -0.5706159235513042 -0.43739721357440253 -0.0 0.43739721357440253 0.5706159235513042 -0.3597057695635526 -1.2544032060705184 -0.3129232929841209 -0.4777455991575821 0.2008174288621877 
0.3785297092083686 0.6557166185364901 -0.44763120893186037 0.46377958827542504 -0.06389311395044817 -0.4793793896810475 -0.5868282918730556 -1.756093746101063 -0.9582024974505632 -1.756093746101063 -0.5868282918730556 -0.4793793896810475 -0.06389311395044817 0.46377958827542504 -0.44763120893186037 0.6557166185364901 
-0.0 -0.3790657063527902 -0.9610710226029272 -0.9097505089059738 1.313512686516048 0.5446740811309115 -0.2841793510194507 0.06277708588802328 -0.0 -0.06277708588802328 0.2841793510194507 -0.5446740811309115 -1.313512686516048 0.9097505089059738 0.9610710226029272 0.3790657063527902 
-0.22919483338717028 0.16282100391792498 0.45779456717051675 -0.2902917580973393 -1.9425408585671338 0.027311186021354072 0.04172900440730226 0.6733939783143654 -1.1394363596484272 0.6733939783143654 0.04172900440730226 0.027311186021354072 -1.9425408585671338 -0.2902917580973393 0.45779456717051675 0.16282100391792498 
-0.0 -1.0555431936201982 0.6960824644858472 -1.2722837484944698 -2.8368913226942634 0.39856264904543026 0.27490484688563827 0.3021835999022229 -0.0 -0.3021835999022229 -0.27490484688563827 -0.39856264904543026 2.8368913226942634 1.2722837484944698 -0.6960824644858472 1.0555431936201982 
-1.7725921013199644 -0.3226575507916851 0.8336976244915518 1.5225516013595117 0.13645301649047503 0.8816182261728345 -0.6114088972587991 0.18138125320876375 -0.8107560949058747 0.18138125320876375 -0.6114088972587991 0.8816182261728345 0.13645301649047503 1.5225516013595117 0.8336976244915518 -0.3226575507916851 
-0.0 -0.9688362089309502 -0.7015772982831744 0.6372733068955052 -0.7279989000370122 -0.6858111425775875 -0.39734430871736703 0.09736907999876199 -0.0 -0.09736907999876199 0.39734430871736703 0.6858111425775875 0.7279989000370122 -0.6372733068955052 0.7015772982831744 0.9688362089309502 
-1.287093674958961 -0.21690897531312392 0.49215378462242615 0.31039652294320097 0.3309152793226018 0.4390587230899444 0.6149558641912544 0.3475466665827258 1.9376054655652457 0.3475466665827258 0.6149558641912544 0.4390587230899444 0.3309152793226018 0.31039652294320097 0.49215378462242615 -0.21690897531312392 
-0.0 -1.0519485758140457 1.9645205036453337 -0.004073695846670028 1.0587990042961772 -0.4860970902405787 -0.5915283487935691 0.2258227313385759 -0.0 -0.2258227313385759 0.5915283487935691 0.4860970902405787 -1.0587990042961772 0.004073695846670028 -1.9645205036453337 1.0519485758140457 
-1.1531710787512124 -1.0995308342957077 -0.400937468442951 0.2270215244381052 -0.8378700701535904 -0.8765192134760954 -0.736348653366313 0.04597424366841152 2.3236624440919478 0.04597424366841152 -0.736348653366313 -0.8765192134760954 -0.8378700701535904 0.2270215244381052 -0.400937468442951 -1.0995308342957077 
-0.0 -0.03793939324667661 1.01065362617848 -1.327276316686795 0.49378314389820055 0.12749713066015256 -0.13912946558297734 -0.24394651816492952 -0.0 0.24394651816492952 0.13912946558297734 -0.12749713066015256 -0.49378314389820055 1.327276316686795 -1.01065362617848 0.03793939324667661 
-1.279357365057044 0.2760874503743325 -0.3137884060706449 0.27125781269255395 0.4094228855889197 0.4767794017033528 -0.9002756562532284 0.1655244649605359 0.15246024396610447 0.1655244649605359 -0.9002756562532284 0.4767794017033528 0.4094228855889197 0.27125781269255395 -0.3137884060706449 0.2760874503743325 
-0.0 -1.0198175830886331 -0.4293108898310116 1.2620551698129405 0.5676222678305476 0.6125366612538448 0.19539327586571886 0.48106771787348424 -0.0 -0.48106771787348424 -0.19539327586571886 -0.6125366612538448 -0.5676222678305476 -1.2620551698129405 0.4293108898310116 1.0198175830886331 
1.0316109467677705 -1.1268851959076707 -0.5419401081261908 -0.3028813390476841 -0.1421644744573124 -0.07901820308192288 -0.7180863742894388 -1.488707101667528 1.642245933765973 -1.488707101667528 -0.7180863742894388 -0.07901820308192288 -0.1421644744573124 -0.3028813390476841 -0.5419401081261908 -1.1268851959076707 
-0.0 -0.031753001114759885 0.9533014385668618 -1.0370481559735656 0.3474748423627225 0.5471847270405161 2.146132183081555 0.15223094045528274 -0.0 -0.15223094045528274 -2.146132183081555 -0.5471847270405161 -0.3474748423627225 1.0370481559735656 -0.9533014385668618 0.031753001114759885 
0.3929604731121683 -1.2169736090113592 1.1427993569948 1.2358429308437384 0.7765705399625625 0.5194697593071467 0.2895971809360406 -1.5485671973081165 0.07865391934666821 -1.5485671973081165 0.2895971809360406 0.5194697593071467 0.7765705399625625 1.2358429308437384 1.1427993569948 -1.2169736090113592 
-0.0 -1.1677275061100332 0.5009225338715435 0.42803106193854346 1.1808950533606861 -0.758965631298437 0.3664617294209922 0.5427862483762258 -0.0 -0.5427862483762258 -0.3664617294209922 0.758965631298437 -1.1808950533606861 -0.42803106193854346 -0.5009225338715435 1.1677275061100332 
-1.0638372971957075 0.06609773661882423 0.4215811379628608 0.19295150275908735 0.4270311185595267 -0.27244274677936553 1.8339581802585028 -1.5587717313338807 -0.5417376760294087 -1.5587717313338807 1.8339581802585028 -0.27244274677936553 0.4270311185595267 0.19295150275908735 0.4215811379628608 0.06609773661882423 
-0.0 -0.8411486798070964 -0.08984739627052452 -0.8009810030764976 -0.1309494336296262 -1.229241299154167 -1.4469046443598654 0.006311440585919703 -0.0 -0.006311440585919703 1.4469046443598654 1.229241299154167 0.1309494336296262 0.8009810030764976 0.08984739627052452 0.8411486798070964 
1.2502498075993098 -0.935203699588135 -1.0225594693361846 -1.5533964745059237 0.21028849876570221 -0.1469409046661867 -0.4840826926705681 -0.38351003544199846 1.7697358042856162 -0.38351003544199846 -0.4840826926705681 -0.1469409046661867 0.21028849876570221 -1.5533964745059237 -1.0225594693361846 -0.935203699588135 
-0.0 -1.3890916397104272 -0.39280450422564916 -0.46423176810745037 -1.2560930550416265 1.0174967406381161 -0.6604036302621477 -0.670926836335809 -0.0 0.670926836335809 0.6604036302621477 -1.0174967406381161 1.2560930550416265 0.46423176810745037 0.39280450422564916 1.3890916397104272 
-2.0816342758887867 0.3602878500662028 -0.06870966772314557 -0.6116269589160253 -0.3397270030890015 -0.30746494314767214 1.0031485552141637 0.6779219406525132 0.941579132476302 0.6779219406525132 1.0031485552141637 -0.30746494314767214 -0.3397270030890015 -0.6116269589160253 -0.06870966772314557 0.3602878500662028 
-0.0 -0.5640401967225527 0.011105377732718913 -0.6197220736308029 0.3179535592472301 0.2927019665603084 -0.37053756573295116 -0.8360092588562341 -0.0 0.8360092588562341 0.37053756573295116 -0.2927019665603084 -0.3179535592472301 0.6197220736308029 -0.011105377732718913 0.5640401967225527 
-0.14276766712844702 -1.7486936304829086 -0.01731788925688188 -0.9683626339497771 -0.5255188074386501 -0.0695934167840297 -0.4890917301957934 1.1066418518496979 -0.4753883485071644 1.1066418518496979 -0.4890917301957934 -0.0695934167840297 -0.5255188074386501 -0.9683626339497771 -0.01731788925688188 -1.7486936304829086 
-0.0 1.0862123176262766 -0.44338720780612495 0.6979104957374771 0.7195750878386995 -1.268478309015339 -0.226988317254738 1.0907698025337074 -0.0 -1.0907698025337074 0.226988317254738 1.268478309015339 -0.7195750878386995 -0.6979104957374771 0.44338720780612495 -1.0862123176262766 
1.6219699272306878 0.2694121737256708 0.0068193198878995775 -0.08980452224795643 0.694981942451044 0.5372323012819347 -0.7817819337386338 0.08007770106337525 -0.5257611163401482 0.08007770106337525 -0.7817819337386338 0.5372323012819347 0.694981942451044 -0.08980452224795643 0.0068193198878995775 0.2694121737256708 
-0.0 -1.8682295760525136 0.20291534320598392 0.49554148663192266 0.4703090662148425 0.5459204072884013 2.128452513346076 0.052882339185208904 -0.0 -0.052882339185208904 -2.128452513346076 -0.5459204072884013 -0.4703090662148425 -0.49554148663192266 -0.20291534320598392 1.8682295760525136 
-0.3190166069278324 -0.9483836880823313 -0.5593224496065425 0.1157008274830359 -1.0813554144817723 -0.8041414371671581 -0.5155322521823917 -0.14483188035143074 0.4695438719685767 -0.14483188035143074 -0.5155322521823917 -0.8041414371671581 -1.0813554144817723 0.1157008274830359 -0.5593224496065425 -0.9483836880823313 
-0.0 -0.5219229600003727 1.2122842204217428 -1.0874552942835651 0.0435206775137047 -1.7028772607312528 -0.8559735560660393 -0.7402770362273339 -0.0 0.7402770362273339 0.8559735560660393 1.7028772607312528 -0.0435206775137047 1.0874552942835651 -1.2122842204217428 0.5219229600003727 
1.282011153724429 0.7770415193591853 0.8363940879972084 -0.5678231919745879 0.3656132950619283 1.1396401778481304 -0.16545933497300325 1.0264295797599206 -0.6194389416692616 1.0264295797599206 -0.16545933497300325 1.1396401778481304 0.3656132950619283 -0.5678231919745879 0.8363940879972084 0.7770415193591853 
-0.0 1.067210305692663 -0.434121629226624 -0.17003313060666614 0.6361780450993922 0.6627244448703141 2.425631892803371 0.35737554405213745 -0.0 -0.35737554405213745 -2.425631892803371 -0.6627244448703141 -0.6361780450993922 0.17003313060666614 0.434121629226624 -1.067210305692663 
2.5443217998995267 0.4839133711594268 0.8580068903515643 -0.6710177592480647 0.21734577989777482 -0.6114145619087986 -0.14859776764819133 1.4012446671174714 -1.3229262866243778 1.4012446671174714 -0.14859776764819133 -0.6114145619087986 0.21734577989777482 -0.6710177592480647 0.8580068903515643 0.4839133711594268 
-0.0 0.5452504269250353 -0.33115484477685747 -0.2863616495645274 0.7617827036668926 0.6232355744836757 -0.02538649527058462 -0.2755220993844361 -0.0 0.2755220993844361 0.02538649527058462 -0.6232355744836757 -0.7617827036668926 0.2863616495645274 0.33115484477685747 -0.5452504269250353 
-0.4438321863782071 -0.4796532881269005 -0.501077225731632 -1.1202040734377197 -0.9394254003712093 0.9889690718357413 0.44253916805724197 -1.1810592801913793 -0.9434299689807748 -1.1810592801913793 0.44253916805724197 0.9889690718357413 -0.9394254003712093 -1.1202040734377197 -0.501077225731632 -0.4796532881269005 
-0.0 0.3145641386205599 0.6842376531861287 0.04739239982571708 -0.07345655052379318 -1.08370005746608 -0.8410108360164368 -0.09284051653808978 -0.0 0.09284051653808978 0.8410108360164368 1.08370005746608 0.07345655052379318 -0.04739239982571708 -0.6842376531861287 -0.3145641386205599 
-0.2654061904984282 1.0726114337742756 -0.8750535491846696 1.3718310750119858 0.3356694758716813 0.7743169450473748 -1.0829463496226426 -0.5309501453627201 1.359835930701091 -0.5309501453627201 -1.0829463496226426 0.7743169450473748 0.3356694758716813 1.3718310750119858 -0.8750535491846696 1.0726114337742756 
-0.0 -0.2871722563592001 -0.2165707700382766 -1.2596968174629113 -1.1412172799458404 -0.535075696968794 -0.008052039011453543 1.5862703026331397 -0.0 -1.5862703026331397 0.008052039011453543 0.535075696968794 1.1412172799458404 1.2596968174629113 0.2165707700382766 0.2871722563592001 
-1.0331079703741715 -0.7614281093863835 -0.4947264131752561 0.2661421602267506 0.317684505756177 -0.37886161376228317 -0.9462236111084071 1.292204075403546 2.32093402936896 1.292204075403546 -0.9462236111084071 -0.37886161376228317 0.317684505756177 0.2661421602267506 -0.4947264131752561 -0.7614281093863835 
-0.0 -1.228931962886879 0.7821695654003056 -0.9756426523434106 -0.6163570243138762 0.7736748228493372 0.24692261805418614 -0.8783294916465012 -0.0 0.8783294916465012 -0.24692261805418614 -0.7736748228493372 0.6163570243138762 0.9756426523434106 -0.7821695654003056 1.228931962886879 
-0.09403826246278313 -0.7887865290137018 -0.29452355018637155 0.22522961274280473 1.849330329681509 -0.3625250198562957 -0.9585833295733067 1.03101388532442 0.3803284055985041 1.03101388532442 -0.9585833295733067 -0.3625250198562957 1.849330329681509 0.22522961274280473 -0.29452355018637155 -0.7887865290137018 
-0.0 -0.43309030134877524 -0.35408149085830753 -1.2001399336030532 0.3272222245781379 -0.22919973302477498 -0.17832022841994688 -0.08524764794910211 -0.0 0.08524764794910211 0.17832022841994688 0.22919973302477498 -0.3272222245781379 1.2001399336030532 0.35408149085830753 0.43309030134877524 
-1.4571191477576768 -1.2361664750973882 -0.33554335256962003 0.17366009474752375 0.2126641879208261 0.48537950667095175 -1.16952394370461 -0.01909276754790512 -1.0000806252869667 -0.01909276754790512 -1.16952394370461 0.48537950667095175 0.2126641879208261 0.17366009474752375 -0.33554335256962003 -1.2361664750973882 
-0.0 -0.4639358550338407 0.6507155576529609 -0.9929779311330277 0.6911989758753633 1.6856848640856055 -0.6463060631215767 -1.1150844793510877 -0.0 1.1150844793510877 0.6463060631215767 -1.6856848640856055 -0.6911989758753633 0.9929779311330277 -0.6507155576529609 0.4639358550338407 
1.5896741503178553 0.8797299228435373 0.5498179664938914 0.34345955287219876 -0.2342039793701387 -1.386165921183066 1.2898233565069201 1.2446115123046462 0.3549145905477935 1.2446115123046462 1.2898233565069201 -1.386165921183066 -0.2342039793701387 0.34345955287219876 0.5498179664938914 0.8797299228435373 
-0.0 -1.038510821984369 -0.9790284797652193 1.0589542930659515 0.10519543359603545 -0.290864413973762 -0.08381932536189884 -0.4126210230427477 -0.0 0.4126210230427477 0.08381932536189884 0.290864413973762 -0.10519543359603545 -1.0589542930659515 0.9790284797652193 1.038510821984369 
1.4531678221743167 -0.13767199883841907 -0.7232066598590885 -0.016287593581376436 0.23709717618259274 -0.43093993929996033 0.025253312188980803 1.4215965123234175 -0.24702261558785776 1.4215965123234175 0.025253312188980803 -0.43093993929996033 0.23709717618259274 -0.016287593581376436 -0.7232066598590885 -0.13767199883841907 
-0.0 -0.5056740682487502 -0.3508796122797594 0.37893132670228563 1.0750526703528034 -0.47068107343180704 -0.5578985497917001 -1.087263784568171 -0.0 1.087263784568171 0.5578985497917001 0.47068107343180704 -1.0750526703528034 -0.37893132670228563 0.3508796122797594 0.5056740682487502 
-0.8968113686029703 -0.5652438620168705 0.7495997292782365 -0.5074995630730886 -0.8884387764359986 0.9468170333401745 0.34909830632534977 0.6868903967635245 -1.4686915141353762 0.6868903967635245 0.34909830632534977 0.9468170333401745 -0.8884387764359986 -0.5074995630730886 0.7495997292782365 -0.5652438620168705 
-0.0 -0.5071300758236934 -0.052735283447183146 0.07462812927823279 -0.5455694303140571 -0.21059479438742054 -1.7386199482502027 -0.8502036185948929 -0.0 0.8502036185948929 1.7386199482502027 0.21059479438742054 0.5455694303140571 -0.07462812927823279 0.052735283447183146 0.5071300758236934 
-1.059287843693221 -0.17612446745628718 0.09984905042418096 0.12015080485334884 0.8698608639250152 -0.8812355075570835 0.013011644629014212 0.7765043971406569 1.0581582665993752 0.7765043971406569 0.013011644629014212 -0.8812355075570835 0.8698608639250152 0.12015080485334884 0.09984905042418096 -0.17612446745628718 
-0.0 0.009371978543183945 0.7548119228347274 1.064298898157635 0.3707783929342823 -0.525799432722715 -0.011624290157629114 -1.4199563589729611 -0.0 1.4199563589729611 0.011624290157629114 0.525799432722715 -0.3707783929342823 -1.064298898157635 -0.7548119228347274 -0.009371978543183945 
1.1042931052181562 -0.18214753010234241 0.47255794288316927 0.2975406603906739 0.640941775546273 -0.5895433615825503 1.0037765148415132 -0.18163629761719724 -0.2283433045659916 -0.18163629761719724 1.0037765148415132 -0.5895433615825503 0.640941775546273 0.2975406603906739 0.47255794288316927 -0.18214753010234241 
-0.0 -0.8739892813320334 0.8227233397895802 -0.7019698216447939 -1.404288666621706 -0.8807628381673057 -0.1939803283867535 1.6629743401518347 -0.0 -1.6629743401518347 0.1939803283867535 0.8807628381673057 1.404288666621706 0.7019698216447939 -0.8227233397895802 0.8739892813320334 
-1.625229879215377 0.8663359631259739 0.5610826641176447 -1.794193014205833 -1.1371920291868158 -0.7082522233366582 0.14952039657067334 -0.4026159194252543 -1.2542695627078162 -0.4026159194252543 0.14952039657067334 -0.7082522233366582 -1.1371920291868158 -1.794193014205833 0.5610826641176447 0.8663359631259739 
-0.0 -0.47783411909771406 -0.4761477582497948 -1.2792845263922272 0.2224179640442171 -0.36984565437884365 0.1155372801060282 -0.0085153309134674 -0.0 0.0085153309134674 -0.1155372801060282 0.36984565437884365 -0.2224179640442171 1.2792845263922272 0.4761477582497948 0.47783411909771406 
-1.2340175042297092 1.2444099592447637 -0.9433871040119115 0.39117103025486355 0.4146691923317293 -0.11985989361547433 1.3589555221360685 0.2557151947927279 0.12362483563483884 0.2557151947927279 1.3589555221360685 -0.11985989361547433 0.4146691923317293 0.39117103025486355 -0.9433871040119115 1.2444099592447637 
-0.0 -0.3867406964478146 -2.143451440632217 -1.3465740914501034 0.08516103642577011 0.005840205851042168 0.38027153399261093 -0.18309569900430134 -0.0 0.18309569900430134 -0.38027153399261093 -0.005840205851042168 -0.08516103642577011 1.3465740914501034 2.143451440632217 0.3867406964478146 
2.3402906468365217 0.03484911614651165 -0.7490602242023551 -1.1472938785788784 -0.5577019387209874 -0.9877319605739094 -0.6945868704565522 -0.8034879828898576 1.0069977093097533 -0.8034879828898576 -0.6945868704565522 -0.9877319605739094 -0.5577019387209874 -1.1472938785788784 -0.7490602242023551 0.03484911614651165 
-0.0 -0.40684458137236956 -0.5909168354181705 1.4751395160752887 1.2530078328351448 0.5008191983474118 0.13635342399536443 -0.10024961804983978 -0.0 0.10024961804983978 -0.13635342399536443 -0.5008191983474118 -1.2530078328351448 -1.4751395160752887 0.5909168354181705 0.40684458137236956 
0.13107472000092335 0.2591416294129823 -1.4038515202759985 1.2251021264671678 -0.6045844979183214 -0.6096904259463878 -1.6042466328292628 -0.5966025458456616 0.48035818594833757 -0.5966025458456616 -1.6042466328292628 -0.6096904259463878 -0.6045844979183214 1.2251021264671678 -1.4038515202759985 0.2591416294129823 
-0.0 0.4079176035703568 -0.6816982386755583 0.9611854646946216 0.29403869653550885 -0.4101893859555785 -0.5525346654710135 -0.9401902236776954 -0.0 0.9401902236776954 0.5525346654710135 0.4101893859555785 -0.29403869653550885 -0.9611854646946216 0.6816982386755583 -0.4079176035703568 
0.9742298681961323 0.4603111491719983 -0.1734059223700007 1.3900532129166778 -0.5379351646639184 0.5836379403407557 0.4212705688406218 0.349016962642338 -0.8414013447285349 0.349016962642338 0.4212705688406218 0.5836379403407557 -0.5379351646639184 1.3900532129166778 -0.1734059223700007 0.4603111491719983 
-0.0 -1.0283919694962063 -0.1373760195649038 0.1933242370150942 0.11311831819429818 0.3906430324232299 0.7005174040629931 1.8515896404958985 -0.0 -1.8515896404958985 -0.7005174040629931 -0.3906430324232299 -0.11311831819429818 -0.1933242370150942 0.1373760195649038 1.0283919694962063 
-0.9739813174554464 -1.0023458015281468 -0.30932614760784694 0.5750760467319405 1.4972918686789052 -0.23991930073613488 1.0699187545923161 -0.7524374600856116 1.1409731166663348 -0.7524374600856116 1.0699187545923161 -0.23991930073613488 1.4972918686789052 0.5750760467319405 -0.30932614760784694 -1.0023458015281468 
-0.0 -0.2859404649076872 0.3107881454521199 -0.9157070831168351 -0.2176905409246308 0.2576461756163694 -0.3259235338839986 -1.030820449149259 -0.0 1.030820449149259 0.3259235338839986 -0.2576461756163694 0.2176905409246308 0.9157070831168351 -0.3107881454521199 0.2859404649076872 
1.8983124107802691 0.6746159255047361 -0.3867812494215675 0.5017625846613958 -0.11716901194844831 -1.2518172709232107 0.1777398672784803 -0.9686382808922418 0.9177707026299267 -0.9686382808922418 0.1777398672784803 -1.2518172709232107 -0.11716901194844831 0.5017625846613958 -0.3867812494215675 0.6746159255047361 
-0.0 0.43357620330071706 0.1368960774331544 1.1621265209596379 -0.26894911348527173 -0.7469276975527108 0.6808855809732708 -0.8343832627014336 -0.0 0.8343832627014336 -0.6808855809732708 0.7469276975527108 0.26894911348527173 -1.1621265209596379 -0.1368960774331544 -0.43357620330071706 
-1.9609731516304976 -0.13582999311934382 -0.4292318963251661 0.5520965240931575 0.24225592281112007 0.2000477211795721 -1.5807784128711884 -0.5815232335175335 -1.0422676906985808 -0.5815232335175335 -1.5807784128711884 0.2000477211795721 0.24225592281112007 0.5520965240931575 -0.4292318963251661 -0.13582999311934382 
-0.0 -0.12330132671514858 1.4363623134779535 -1.0457192899922565 1.0017626439979028 0.3739429015201443 0.3208413656809721 0.15838726259248292 -0.0 -0.15838726259248292 -0.3208413656809721 -0.3739429015201443 -1.0017626439979028 1.0457192899922565 -1.4363623134779535 0.12330132671514858 
